0.643766
0.986490
0.137805
0.042667
0.152316
0.880851
0.285251
0.316695
0.168761
0.698395
0.485751
0.252996
0.984791
0.850131
0.891272
0.801456
0.058909
0.686050
0.405112
0.672850
0.319638
0.000419
0.073785
0.779851
0.510056
0.619947
0.024047
0.593478
0.719810
0.771373
0.805744
0.590139
0.997350
0.929711
0.077273
0.122295
0.474085
0.523131
0.769198
0.894249
0.139770
0.243142
0.048636
0.829133
0.804002
0.146337
0.318435
0.526050
0.653521
0.490120
0.927527
0.598379
0.754765
0.685812
0.148272
0.457731
0.248006
0.068919
0.225227
0.786066
0.342680
0.638418
0.491168
0.996172
0.514435
0.214149
0.212794
0.875801
0.780289
0.852202
0.462756
0.978712
0.991273
0.982843
0.086561
0.211067
0.654004
0.444008
0.558850
0.087806
0.982570
0.650894
0.667440
0.296375
0.102819
0.341791
0.486694
0.695754
0.917011
0.923430
0.629107
0.743734
0.032884
0.889308
0.750838
0.458122
0.812289
0.711344
0.915763
0.953363
0.848917
0.150723
0.853839
0.542599
0.391083
0.571444
0.091793
0.878997
0.246312
0.965332
0.086322
0.327224
0.763659
0.335939
0.318003
0.199486
0.350863
0.152966
0.358269
0.839415
0.709686
0.846062
0.157864
0.413772
0.778346
0.075769
0.918554
0.298428
0.344368
0.807335
0.291233
0.870569
0.720794
0.528079
0.462131
0.981080
0.101540
0.617983
0.541083
0.091061
0.522588
0.729680
0.903202
0.975221
0.694549
0.585550
0.438791
0.554917
0.372489
0.558375
0.498769
0.767974
0.761370
0.461865
0.137191
0.365523
0.434778
0.456639
0.271595
0.542714
0.469418
0.554812
0.595684
0.152629
0.069018
0.591371
0.638497
0.884774
0.251757
0.484247
0.777129
0.774802
0.879563
0.443683
0.670188
0.545860
0.847232
0.176800
0.017662
0.212070
0.417624
0.679434
0.650405
0.513476
0.520543
0.549552
0.880855
0.985192
0.808674
0.043270
0.096527
0.314527
0.408946
0.041464
0.794103
0.849354
0.138948
0.738967
0.708775
0.563400
0.249971
0.607926
0.683186
0.338280
0.433996
0.340843
0.218429
0.150129
0.738228
0.719667
0.424515
0.257469
0.866864
0.396276
0.088407
0.446856
0.739495
0.222570
0.417109
0.398843
0.716060
0.111175
0.512844
0.232996
0.421197
0.557462
0.327283
0.463989
0.064929
0.656946
0.247505
0.903876
0.897482
0.706777
0.866080
0.229008
0.224057
0.766366
0.520007
0.626384
0.865389
0.010294
0.286184
0.015724
0.624273
0.992848
0.977879
0.242185
0.332766
0.774741
0.884723
0.214745
0.412717
0.458248
0.821462
0.097618
0.411701
0.576884
0.020790
0.884532
0.911840
0.555947
0.762581
0.828593
0.598402
0.535940
0.978988
0.608708
0.229755
0.626012
0.095380
0.006516
0.867598
0.823937
0.500346
0.261193
0.812374
0.231495
0.066254
0.409426
0.116673
0.446712
0.639222
0.182221
0.902569
0.657809
0.717782
0.552975
0.952272
0.952882
0.059984
0.991884
0.075563
0.186831
0.406155
0.728738
0.196162
0.459568
0.313096
0.212074
0.473962
0.159848
0.734473
0.052660
0.555554
0.144391
0.441803
0.010303
0.277674
0.200067
0.798556
0.809640
0.512762
0.699079
0.384656
0.940308
0.502960
0.595639
0.310772
0.040849
0.976326
0.653785
0.536969
0.251099
0.069755
0.885802
0.236264
0.981159
0.873457
0.868545
0.420725
0.703129
0.272052
0.794566
0.520883
0.438396
0.845964
0.136974
0.921023
0.339962
0.501652
0.136793
0.859310
0.776672
0.391722
0.744271
0.704235
0.940071
0.085810
0.029016
0.978173
0.310195
0.784026
0.128114
0.230658
0.316341
0.858997
0.122802
0.336253
0.117576
0.808742
0.179232
0.370286
0.516041
0.227340
0.485050
0.416629
0.339226
0.629101
0.612188
0.539076
0.358137
0.386563
0.490057
0.876959
0.499341
0.130642
0.040941
0.033629
0.157355
0.463726
0.137742
0.466708
0.103205
0.939288
0.843674
0.567139
0.519441
0.928953
0.236688
0.386070
0.632872
0.349443
0.958600
0.067783
0.735585
0.304874
0.429399
0.229034
0.894307
0.815500
0.421576
0.522316
0.380618
0.953457
0.969296
0.509763
0.532824
0.931005
0.063426
0.500986
0.641781
0.186869
0.288857
0.523348
0.513196
0.398582
0.588598
0.176555
0.077646
0.617860
0.874546
0.085388
0.143901
0.261830
0.704326
0.091541
0.383376
0.486894
0.288413
0.559443
0.341583
0.578063
0.460698
0.131866
0.576121
0.677087
0.578326
0.761327
0.090840
0.219384
0.704921
0.812670
0.987588
0.635524
0.118751
0.316441
0.579294
0.813209
0.759062
0.488403
0.583508
0.329994
0.207257
0.806659
0.542471
0.159209
0.130723
0.260494
0.577932
0.009018
0.287670
0.517527
0.923480
0.535153
0.371312
0.444863
0.122840
0.475142
0.301987
0.974603
0.120281
0.985294
0.267707
0.676944
0.251917
0.372338
0.386630
0.185847
0.908743
0.133681
0.728669
0.722638
0.219123
0.684886
0.356848
0.290431
0.721373
0.346792
0.178710
0.639982
0.076289
0.167155
0.477707
0.139579
0.341962
0.783285
0.179563
0.625691
0.902227
0.983084
0.378425
0.025685
0.220352
0.245453
0.748493
0.217488
0.003656
0.786404
0.522694
0.037292
0.648526
0.796578
0.076818
0.239846
0.962764
0.845468
0.903068
0.862280
0.917295
0.871830
0.975153
0.311357
0.269992
0.966950
0.062333
0.221165
0.988793
0.540959
0.109333
0.735728
0.527453
0.397616
0.689776
0.534240
0.730450
0.138679
0.268503
0.430346
0.865660
0.769341
0.007796
0.306207
0.745717
0.421833
0.401878
0.353622
0.219709
0.800965
0.759281
0.233450
0.222117
0.989222
0.350042
0.968742
0.054254
0.547215
0.540776
0.020759
0.975014
0.758979
0.748856
0.414260
0.329559
0.633821
0.105232
0.536940
0.781154
0.983060
0.910441
0.490536
0.384387
0.298483
0.910256
0.627387
0.552670
0.605811
0.475689
0.418038
0.893457
0.148499
0.067205
0.721899
0.647875
0.344803
0.007279
0.656627
0.311601
0.593114
0.466182
0.435221
0.052836
0.071006
0.198976
0.094006
0.404675
0.867486
0.554676
0.330373
0.124559
0.014040
0.906866
0.448403
0.834080
0.775223
0.988334
0.742802
0.490614
0.124184
0.600552
0.718976
0.526201
0.739822
0.414648
0.775908
0.320434
0.972036
0.155113
0.605060
0.873629
0.640946
0.288826
0.227655
0.486221
0.174091
0.970017
0.721285
0.416614
0.154369
0.458296
0.080442
0.096651
0.947404
0.298755
0.381207
0.049012
0.411196
0.043623
0.555428
0.499017
0.320708
0.191553
0.987917
0.632891
0.653447
0.926132
0.509375
0.457323
0.475319
0.291156
0.223384
0.251397
0.047350
0.269076
0.024420
0.220175
0.538694
0.888321
0.442850
0.247398
0.494231
0.386730
0.471600
0.184578
0.097659
0.788057
0.004003
0.819641
0.483227
0.204686
0.117534
0.580688
0.929555
0.041566
0.611806
0.237198
0.257440
0.526984
0.099775
0.783553
0.028541
0.105417
0.861662
0.828986
0.611700
0.296016
0.276568
0.130545
0.568069
0.110754
0.296637
0.557481
0.947656
0.612983
0.383230
0.828195
0.407588
0.088886
0.303558
0.027145
0.089639
0.394793
0.942751
0.429344
0.465036
0.014449
0.281216
0.728089
0.304830
0.554344
0.885581
0.280537
0.856638
0.064239
0.355226
0.652118
0.139444
0.596874
0.772772
0.610898
0.112228
0.090857
0.172908
0.440367
0.188262
0.927163
0.223264
0.613563
0.451221
0.710911
0.175557
0.310591
0.875866
0.771177
0.285145
0.774464
0.617600
0.783297
0.771453
0.640093
0.991224
0.168524
0.819626
0.689707
0.333696
0.439862
0.651668
0.534494
0.407363
0.261548
0.929694
0.652939
0.787579
0.693029
0.615462
0.332990
0.598437
0.780070
0.585913
0.714508
0.244225
0.935297
0.343476
0.170298
0.026983
0.626695
0.663592
0.556995
0.089120
0.189994
0.354178
0.025944
0.222548
0.415038
0.687534
0.204073
0.950135
0.386837
0.251207
0.612965
0.050380
0.578537
0.799945
0.319627
0.015834
0.328103
0.958807
0.169766
0.087131
0.711073
0.852894
0.679672
0.446759
0.306029
0.475115
0.137828
0.255743
0.825007
0.017760
0.393357
0.887362
0.834733
0.074671
0.870169
0.918407
0.309973
0.999111
0.287506
0.221262
0.725535
0.459528
0.235576
0.029227
0.110741
0.721315
0.855845
0.621583
0.475334
0.573075
0.434799
0.276431
0.203596
0.550358
0.271911
0.278408
0.050615
0.839643
0.194895
0.953901
0.304225
0.820571
0.082047
0.272172
0.863730
0.645720
0.140962
0.474805
0.881786
0.798098
0.793866
0.389707
0.470806
0.220293
0.490768
0.355983
0.893987
0.569074
0.738120
0.647201
0.703553
0.864945
0.594972
0.989818
0.905374
0.794327
0.601736
0.224454
0.597392
0.078562
0.613883
0.257470
0.701998
0.885301
0.399267
0.333489
0.140339
0.261885
0.419096
0.249210
0.672774
0.675396
0.623487
0.421315
0.773288
0.852424
0.100559
0.633525
0.336859
0.233511
0.996606
0.416344
0.405934
0.339316
0.492013
0.817041
0.353258
0.580759
0.531841
0.162040
0.876253
0.542697
0.526414
0.882668
0.402084
0.184205
0.996392
0.523075
0.549160
0.681988
0.240170
0.930624
0.122970
0.076147
0.995093
0.512589
0.538044
0.048982
0.280729
0.444092
0.641373
0.465205
0.364335
0.861116
0.613706
0.808209
0.300091
0.723299
0.454388
0.329889
0.694369
0.057958
0.582022
0.167626
0.018835
0.902651
0.001861
0.080829
0.599142
0.878149
0.652350
0.282747
0.942609
0.653384
0.578941
0.912738
0.096875
0.491173
0.361189
0.152914
0.919581
0.678257
0.259993
0.340802
0.161066
0.182897
0.540596
0.233027
0.288485
0.066696
0.275101
0.518303
0.421467
0.251675
0.182021
0.942671
0.626169
0.399716
0.807104
0.062622
0.289632
0.843817
0.046569
0.471989
0.661096
0.681511
0.483054
0.425405
0.602489
0.639370
0.953792
0.533659
0.828745
0.834875
0.882439
0.931597
0.714129
0.357293
0.973144
0.281596
0.791401
0.522509
0.014911
0.836708
0.342975
0.704159
0.923518
0.578134
0.237064
0.425653
0.219265
0.504102
0.707807
0.200347
0.553922
0.934961
0.701836
0.864007
0.192385
0.205421
0.162249
0.258377
0.437416
0.807420
0.227937
0.949081
0.171995
0.346391
0.128012
0.247631
0.775654
0.236379
0.468560
0.464107
0.012308
0.317352
0.972142
0.531323
0.666365
0.114791
0.423031
0.673554
0.236815
0.923863
0.902802
0.352502
0.030879
0.994887
0.914562
0.311509
0.561272
0.925419
0.513140
0.414857
0.535776
0.037204
0.064643
0.077827
0.404332
0.961734
0.906530
0.983716
0.480314
0.180026
0.025722
0.489446
0.127335
0.441113
0.871384
0.845206
0.107137
0.357808
0.259145
0.996395
0.988834
0.287497
0.435639
0.594984
0.021693
0.885491
0.150283
0.308522
0.665427
0.649192
0.990617
0.061851
0.462547
0.523772
0.301322
0.295558
0.188851
0.541069
0.765431
0.999702
0.232501
0.709218
0.589543
0.364534
0.766888
0.076663
0.708605
0.718136
0.833231
0.833466
0.643670
0.948567
0.503183
0.973048
0.449748
0.426388
0.906895
0.729985
0.434429
0.685017
0.382698
0.969950
0.051063
0.882056
0.364651
0.208715
0.878586
0.978412
0.723859
0.670416
0.621709
0.890352
0.623885
0.675271
0.693784
0.202355
0.677424
0.394988
0.025123
0.072497
0.590658
0.180221
0.751873
0.833202
0.075215
0.308995
0.961857
0.212693
0.847144
0.991318
0.279743
0.563457
0.099521
0.961232
0.406320
0.818726
0.990225
0.439064
0.854513
0.539508
0.599224
0.804966
0.822599
0.211352
0.522487
0.407974
0.454289
0.853120
0.852159
0.419651
0.490321
0.461963
0.907291
0.321031
0.092138
0.556850
0.141355
0.812009
0.262194
0.754788
0.402387
0.019026
0.419647
0.620684
0.923846
0.733134
0.048417
0.426840
0.189481
0.443725
0.945431
0.752062
0.238760
0.550185
0.972429
0.432215
0.328578
0.763634
0.523101
0.291253
0.492157
0.788303
0.147677
0.474519
0.491779
0.727606
0.191004
0.317531
0.114973
0.133138
0.451630
0.530056
0.468130
0.104712
0.787000
0.580931
0.717435
0.454118
0.839610
0.950385
0.085993
0.429395
0.842318
0.386123
0.282801
0.290425
0.311271
0.767966
0.043681
0.436946
0.579425
0.730376
0.445586
0.684114
0.491107
0.340189
0.106433
0.168894
0.396143
0.334509
0.269800
0.630125
0.117546
0.278460
0.552023
0.541877
0.580729
0.191397
0.259387
0.096625
0.853192
0.145858
0.839857
0.740734
0.620404
0.109489
0.510231
0.690815
0.244206
0.300400
0.135920
0.231875
0.904424
0.950427
0.548985
0.810175
0.246295
0.236366
0.093813
0.986719
0.005457
0.784625
0.215566
0.262913
0.346114
0.596680
0.241996
0.280784
0.719929
0.065274
0.849866
0.222782
0.585714
0.786837
0.978284
0.554858
0.815364
0.455977
0.252737
0.683302
0.440137
0.011619
0.949306
0.605214
0.321738
0.246761
0.647088
0.948796
0.272134
0.561257
0.269378
0.101876
0.451310
0.564766
0.926539
0.905811
0.893762
0.372433
0.718101
0.891764
0.887001
0.503402
0.784209
0.888903
0.823952
0.517806
0.310636
0.193910
0.579962
0.231034
0.107122
0.509569
0.783960
0.814861
0.314388
0.130518
0.926018
0.175037
0.603492
0.307076
0.585964
0.477631
0.347939
0.511387
0.148867
0.514772
0.488861
0.272319
0.545490
0.767023
0.248487
0.129112
0.911939
0.114975
0.329826
0.711916
0.335843
0.248558
0.533853
0.491101
0.544836
0.619749
0.049344
0.216564
0.195606
0.397931
0.982515
0.092468
0.359740
0.445918
0.963182
0.159214
0.765211
0.316196
0.595312
0.313845
0.159734
0.446732
0.525753
0.855005
0.203694
0.550162
0.949522
0.902969
0.376560
0.690236
0.414968
0.485080
0.169282
0.504830
0.265682
0.519307
0.388769
0.533662
0.337020
0.184151
0.885878
0.906884
0.572005
0.034602
0.792433
0.631202
0.696874
0.139537
0.543553
0.518570
0.178991
0.897905
0.776129
0.012583
0.136064
0.694005
0.995660
0.636993
0.400037
0.777308
0.128889
0.521622
0.104034
0.838072
0.131853
0.757868
0.398682
0.360282
0.833925
0.264623
0.251528
0.761792
0.590849
0.058742
0.814016
0.600524
0.086465
0.085988
0.895616
0.268033
0.117077
0.492294
0.334821
0.994488
0.918923
0.990236
0.469341
0.527400
0.925689
0.402826
0.638889
0.215948
0.579031
0.448356
0.235881
0.361843
0.034105
0.126999
0.220327
0.139696
0.870886
0.224526
0.288219
0.253292
0.413017
0.602773
0.835503
0.011497
0.027362
0.759545
0.724620
0.578387
0.641934
0.152486
0.381425
0.423883
0.607964
0.733385
0.273703
0.394138
0.850540
0.170844
0.171731
0.937108
0.673325
0.506685
0.227014
0.433378
0.208356
0.936337
0.880039
0.680084
0.020573
0.716049
0.442773
0.323309
0.722684
0.332839
0.309019
0.798216
0.824263
0.340673
0.241095
0.463071
0.987538
0.478870
0.212131
0.433410
0.649860
0.300709
0.923106
0.143962
0.333889
0.532786
0.974933
0.609658
0.001104
0.710352
0.894109
0.348227
0.743898
0.955131
0.040536
0.214227
0.799985
0.863522
0.369512
0.133477
0.708945
0.605463
0.303787
0.946091
0.039316
0.943670
0.054017
0.406842
0.657209
0.336596
0.407173
0.594581
0.612216
0.077452
0.204061
0.324199
0.581751
0.793605
0.661995
0.811626
0.279915
0.723803
0.116684
0.362895
0.533099
0.578810
0.463930
0.339570
0.964806
0.696932
0.086724
0.709153
0.461850
0.935064
0.530306
0.217633
0.867149
0.700679
0.264403
0.525407
0.221354
0.761290
0.822016
0.984182
0.596550
0.890495
0.904766
0.432796
0.937718
0.274785
0.111974
0.363384
0.981888
0.110923
0.408552
0.953911
0.537211
0.320003
0.432213
0.968669
0.084137
0.229630
0.521224
0.483828
0.841370
0.710567
0.434791
0.274537
0.183389
0.073181
0.948990
0.822340
0.482927
0.474264
0.301627
0.088319
0.053695
0.494753
0.794643
0.394615
0.375989
0.991822
0.720191
0.966365
0.330194
0.072238
0.611577
0.231655
0.198010
0.834237
0.967315
0.286250
0.359364
0.051158
0.976276
0.044788
0.566525
0.844664
0.825686
0.494643
0.576770
0.302896
0.685731
0.577375
0.178481
0.593894
0.012959
0.755206
0.113591
0.880277
0.592506
0.003490
0.655589
0.882985
0.636421
0.359969
0.312920
0.387304
0.286142
0.828915
0.212346
0.299648
0.576199
0.738294
0.793636
0.344684
0.763285
0.450864
0.568867
0.098444
0.053358
0.393903
0.363388
0.613424
0.528659
0.466115
0.922834
0.639974
0.356080
0.385069
0.361201
0.653812
0.191077
0.878350
0.338405
0.599343
0.755221
0.387477
0.149613
0.077167
0.082555
0.618024
0.829668
0.153550
0.514907
0.434131
0.396333
0.569368
0.710697
0.436525
0.726895
0.268365
0.006876
0.922008
0.607469
0.248035
0.563664
0.599985
0.803689
0.762686
0.648921
0.904671
0.102536
0.091164
0.361325
0.116202
0.821289
0.907069
0.992676
0.223061
0.832985
0.093635
0.181432
0.123296
0.430789
0.510372
0.082052
0.535704
0.913734
0.886688
0.820452
0.329534
0.405027
0.183192
0.248284
0.399648
0.202121
0.810680
0.185716
0.176804
0.527240
0.981586
0.028331
0.005359
0.867085
0.499170
0.006441
0.388626
0.308284
0.786650
0.163927
0.848358
0.362856
0.021156
0.120475
0.435617
0.839571
0.084642
0.947072
0.435277
0.830516
0.305342
0.264715
0.614566
0.200860
0.670025
0.310583
0.334659
0.036847
0.267257
0.368115
0.975896
0.649930
0.788075
0.099420
0.665066
0.445637
0.900695
0.379674
0.379894
0.724023
0.408736
0.923682
0.493351
0.621476
0.263057
0.713383
0.275090
0.489262
0.914929
0.025006
0.902025
0.426199
0.213123
0.770046
0.754109
0.413748
0.652301
0.635617
0.469953
0.218169
0.571328
0.019574
0.756733
0.737353
0.343592
0.256236
0.831388
0.164358
0.152869
0.423309
0.351523
0.917385
0.287825
0.548175
0.595815
0.217687
0.082894
0.376498
0.985362
0.336627
0.903780
0.852127
0.727210
0.867434
0.090986
0.908312
0.678598
0.649335
0.515039
0.907058
0.673027
0.608810
0.908472
0.663694
0.998881
0.170806
0.679976
0.533742
0.460483
0.973837
0.525758
0.897798
0.297591
0.472907
0.305327
0.595969
0.611581
0.268914
0.037635
0.150064
0.798983
0.617448
0.984411
0.167818
0.135790
0.839790
0.834581
0.859643
0.218801
0.781707
0.753073
0.901976
0.160416
0.995575
0.733533
0.709035
0.227969
0.103879
0.391937
0.579485
0.038574
0.302069
0.998052
0.173081
0.202789
0.802944
0.188560
0.381789
0.609606
0.253698
0.568348
0.965333
0.265321
0.834161
0.471337
0.692080
0.861206
0.226433
0.427620
0.309064
0.295996
0.730790
0.475484
0.090950
0.939564
0.810618
0.612491
0.308214
0.382709
0.085982
0.409854
0.581261
0.446420
0.586690
0.834433
0.761951
0.221369
0.887209
0.947204
0.767106
0.459349
0.385489
0.323133
0.128686
0.647387
0.001792
0.128449
0.680278
0.241046
0.321325
0.113622
0.051475
0.307753
0.918241
0.872315
0.244634
0.207008
0.302489
0.470064
0.005036
0.305212
0.057598
0.764056
0.754937
0.729820
0.995428
0.364370
0.043736
0.157333
0.707312
0.964731
0.682421
0.760047
0.595761
0.622806
0.376286
0.560772
0.612499
0.167814
0.481806
0.613716
0.732284
0.363488
0.391686
0.462004
0.868214
0.242695
0.833212
0.750354
0.735942
0.756666
0.076939
0.227764
0.583353
0.376334
0.673595
0.881694
0.574261
0.128009
0.843709
0.764877
0.156165
0.054157
0.292871
0.954669
0.983279
0.837906
0.695267
0.915676
0.493735
0.525131
0.233571
0.409857
0.786022
0.623455
0.912661
0.713202
0.611368
0.620188
0.965175
0.353725
0.693626
0.780189
0.132303
0.361019
0.662110
0.121828
0.325669
0.245395
0.466062
0.595540
0.566618
0.776936
0.454115
0.072794
0.026069
0.228352
0.713537
0.034722
0.648002
0.379110
0.854528
0.466406
0.255888
0.145035
0.880220
0.931431
0.577175
0.999542
0.022061
0.414711
0.824172
0.011260
0.288529
0.179626
0.098538
0.643159
0.536918
0.523168
0.828610
0.312399
0.455428
0.613779
0.173639
0.076910
0.135022
0.636896
0.640334
0.166496
0.367987
0.700076
0.959540
0.930720
0.495219
0.489471
0.021187
0.446856
0.501813
0.929578
0.007504
0.926397
0.940228
0.405916
0.843279
0.228993
0.183741
0.146640
0.985361
0.985854
0.139241
0.635862
0.655428
0.717340
0.431893
0.344317
0.804595
0.503401
0.326483
0.444771
0.926445
0.745471
0.462256
0.620269
0.906532
0.331886
0.720494
0.731374
