2139625168
1629924836
1680567253
1635840452
1616601240
1656155735
1647935352
1614940448
1606350571
1623992436
1628471608
1837613725
1596687723
1652960325
1634366629
1614209841
1617950420
1631272684
1651693834
1606698532
1689629440
1629292696
1586923780
1612962977
1590883673
1640827982
1591171189
1640653280
1758409428
1606231204
1648610455
1615901304
1714560342
1609248660
1589216487
1650565897
1650099655
1592626596
1599721111
1591675768
1657762115
1635091949
1680366705
1583540597
1610491890
1605596565
1587935927
1600846400
1603336957
1597187376
1582776020
1598302180
1583045461
1653234125
1596480781
1615957095
1593296247
1611980636
1602604858
1601275520
1583384259
1586800265
1649556436
1612797199
1595923818
1616059255
1586991155
1613503437
1602526710
1588025537
1620203025
1641692051
1588060451
1608307089
1587355498
1649114687
1620828844
1597875812
1584895445
1587929572
1589123805
1635601032
1594971163
1657685121
1645123488
1650919337
1577581265
1591354831
1597296860
1591373411
1587600356
1592938104
1583517085
1581038412
1587173089
1638995571
1615650885
1583215136
1626622972
1571836264
1585419674
1597157368
1595143506
1605634337
1583181216
1578735259
1598803288
1579765197
1600121296
1588358924
1592709300
1614010132
1598076605
1579213005
1648935300
1584752772
1602242972
1622450805
1595538667
1583847011
1582651720
1588835296
1592159751
1584603914
1593517101
1591196224
1659830780
1592885456
1583238488
1594229387
1587380237
1765610980
1590910376
1606167962
1605770557
1623984377
1581988574
1590492279
1604068207
1576309692
1584807976
1585285680
1582594180
1570148215
1579897128
1636188461
1637230546
1580129337
1581833927
1588622297
1584135042
1591824070
1583813972
1648739672
1613633005
1581214954
1587283115
1572471046
1587858954
1586379968
1599036443
1621607459
1586930170
1566729235
1611361848
1602999109
1592521446
1586797081
1581890984
1630134946
1605997016
1583098827
1641793209
1588155626
1571225582
1603000167
1590210580
1640448944
1580290580
1593214912
1589928188
1573762545
1626929051
1611037235
1608113144
1568227958
1582517567
1583007686
1589481053
1648126309
1592317580
1584997230
1567327157
1590518536
1628849505
1577568581
1712101545
1632592821
1581896598
1585087560
1577120226
1612430026
1567982835
1591510002
1574145904
1581668182
1587658392
1583723307
1592311920
1598650445
1596630192
1588695962
1585059755
1582912096
1694745490
1573868497
1581366287
1583908472
1611036352
1567724163
1583414183
1587248857
1584580360
1607261302
1583590965
1696917311
1632290405
1581010372
1578016447
1625226452
1604789911
1632881397
1616971398
1578497605
1577183205
1601068401
1591911015
1647977453
1573514592
1580078777
1585401996
1601474238
1568651465
1586455862
1584289296
1580283066
1589112134
1578480352
1568845098
1577975668
1581692284
1581793152
1566641747
1600236628
1587388848
1616008045
1604902982
1597627261
1587436663
1584501633
1575917518
1586627916
1591110568
1659370558
1584938940
1582671530
1665553520
1621397600
1574323210
1606915920
1577227096
1567079464
1603457019
1625889737
1586742935
1599816924
1576750974
1641483057
1648363448
1565825853
1582228501
1585906523
1587456945
1635682853
1570714192
1600219444
1569161504
1570230087
1577382253
1562179935
1583442376
1582803048
1601568352
1582930208
1633444915
1582134112
1580604041
1606976526
1590853311
1673363543
1588351107
1562844206
1580883967
1576173938
1571533807
1596713990
1602012820
1575210040
1584979082
1661916035
1585492504
1585135552
1624791504
1580522276
1588074018
1584711004
1578013722
1578758632
1581083636
1626564676
1579642763
1582610273
1584951825
1573911432
1607152621
1588906757
1578603630
1576345970
1574753128
1613026040
1585589376
1589411800
1585041671
1582056516
1596608635
1598297912
1587230072
1579897934
1588106672
1576261230
1575080860
1582694716
1589335055
1582926891
1570194313
1582501451
1585649449
1587903663
1635780485
1584738955
1587161546
1584443839
1642193399
1582586704
1573036436
1577497024
1569285288
1584283847
1575846625
1675194232
1568205370
1577967198
1578162509
1580150245
1568145936
1583331782
1579630015
1605553265
1571811140
1590390872
1581781901
1597099551
1577173592
1611451838
1609657340
1593420762
1583434507
1566876386
1583430755
1579530258
1575137028
1589118528
1580842520
1606256912
1600428732
1588566224
1586978588
1625917600
1579616704
1578076867
1576128548
1577429847
1593108569
1590317624
1581507971
1570840296
1599909400
1584198457
1579958251
1623734255
1586478247
1586846093
1587344772
1582330309
1580263960
1594858580
1614975897
1583989900
1584634600
1587176422
1576760437
1585214932
1594856735
1571564212
1605232680
1600405640
1583718269
1582105032
1578009200
1577600664
1574843104
1590666712
1572458323
1580678891
1592582112
1597317355
1579108563
1584969476
1583646469
1577901476
1606973627
1569636417
1584668992
1613216161
1589673465
1571708180
1577969575
1588489606
1573360678
1601073842
1594839401
1584480219
1583858962
1580178069
1573006810
1570068624
1581815175
1598544419
1589880383
1596051377
1633960364
1579767327
1578091209
1579086933
1586895491
1584285417
1584255943
1583438469
1577569357
1574843637
1587849625
1579576500
1593156464
1586135356
1584869676
1580897713
1614640549
1566379567
1579457815
1591632414
1580724104
1603571542
1595295668
1559859857
1583782069
1612541782
1589198668
1583673183
1595038647
1572791563
1571270720
1603571324
1596674948
1623474863
1589468925
1592553140
1579491086
1610607887
1570022575
1594329420
1587984680
1610998826
1573861990
1604437296
1577609025
1575544075
1587638740
1572274837
1567835571
1587119239
1575804362
1586369592
1601174022
1575892696
1595417545
1568074982
1565923133
1597730008
1623631716
1588488521
1601035080
1589005276
1571391445
1579581439
1591476995
1599666816
1585147736
1589959309
1597725984
1578351820
1582390866
1582733587
1586331962
1580192438
1599367736
1587787112
1584732414
1612570213
1606280191
1575889101
1577700536
1660451766
1567345489
1592365636
1576637537
1579678586
1589356928
1629862556
1581564332
1579416737
1629720484
1584041494
1591435085
1582240232
1581938580
1581478788
1585447072
1599462258
1583803999
1587084762
1591516795
1581693491
1590110691
1632099991
1580135868
1591407172
1581078149
1584853963
1564709591
1571329415
1577362592
1574576692
1599963897
1580872231
1568887783
1591834440
1587560947
1578509652
1572788632
1569655386
1561959447
1590771715
1611325946
1571238026
1582462249
1580064372
1617924781
1578209923
1587916162
1575183101
1638961239
1584388972
1637138935
1575056432
1568844103
1644466621
1565049817
1561687952
1581859036
1600906260
1595388455
1580036505
1596520619
1585310470
1582839357
1566456645
1586970713
1597486366
1583702724
1600119946
1583063551
1627501028
1568178977
1577902908
1588059932
1580196973
1576477096
1598300336
1562260768
1573653384
1590962355
1584076828
1577999805
1575971910
1584498889
1579293217
1585058076
1584760015
1569883999
1593023608
1610276166
1581375927
1581037476
1577865163
1585075716
1625231963
1581840180
1599851835
1597614628
1598098988
1583357753
1570438883
1581952564
1580725421
1579836364
1575899916
1581398079
1611316953
1645025989
1620156415
1571773706
1586606074
1576443350
1594055369
1574431403
1581228236
1610596172
1594630883
1589340842
1573363705
1608814837
1577261240
1578322577
1565133732
1588281759
1593500497
1562275634
1579532185
1564724337
1593778629
1582041947
1564606802
1576748098
1582353331
1573993028
1583127544
1579283345
1586280255
1589126776
1638893456
1584668811
1601626040
1600440309
1585793831
1605605028
1592532650
1585888561
1590663796
1586293783
1584732077
1570600540
1598151462
1588721931
1580628524
1604218240
1586642592
1565726684
1722360621
1587157279
1581528080
1587079491
1582308712
1579683625
1568825388
1585277658
1590871346
1582591964
1592911180
1579609280
1566505027
1578138608
1603501419
1605003001
1645436343
1578500224
1589215752
1585353079
1571835145
1584234711
1585260154
1594190665
1568134708
1580595819
1569313421
1563726252
1579529629
1564463767
1621840123
1567688264
1579388686
1578714685
1565393600
1576626584
1571369824
1570118211
1582791852
1582175854
1569885803
1583219575
1578134690
1602196139
1602506608
1599422447
1571522993
1588468693
1577644527
1584046327
1575999240
1583573242
1589326538
1575967980
1603769470
1589464657
1587570728
1602140005
1569226320
1609421380
1575890115
1576411576
1621977273
1583490282
1583566052
1579831571
1620844117
1576165901
1583864412
1569391581
1584014879
1582436208
1610449389
1604326851
1585008214
1576251056
1589724537
1583300889
1561375684
1600740128
1605904337
1628219609
1583878771
1575385771
1586403931
1585643399
1583094001
1587448341
1584386068
1578374421
1568294900
1630628240
1593616925
1583815820
1568200751
1583362612
1586567703
1584333072
1637918652
1604251508
1597748204
1590082475
1590013047
1584624342
1583622878
1574866711
1585760225
1596146309
1582308344
1573383448
1571557807
1579984102
1580932232
1581461895
1591611990
1560976627
1636439865
1592343811
1575751178
1654048351
1586150767
1585893763
1574796229
1634056144
1589382596
1579376460
1582039588
1575786839
1612255628
1580156012
1584592534
1567004767
1566412881
1581906831
1580694613
1570441164
1581683088
1575990996
1572775200
1613124996
1583769248
1581576414
1572154087
1595614295
1576503745
1574330964
1587743432
1582987666
1579383096
1578064614
1587941996
1587210917
1582643750
1589929773
1584785784
1582722023
1581062871
1601490755
1586573767
1577615844
1585396079
1610240704
1597757204
1605773816
1581674240
1607690151
1584770404
1584548028
1580721815
1583719690
1586233713
1584580827
1611590022
1581043100
1579938388
1581137870
1596581522
1581331970
1573079629
1567283415
1587100988
1596802732
1579628672
1567367624
1585405219
1577868404
1575052789
1568532004
1597545275
1587541364
1682246021
1590372168
1604414957
1581731406
1599725604
1590804897
1589325327
1576241773
1621713701
1619283661
1576395083
1594584488
1575116676
1573187095
1582124973
1568105903
1602133869
1607758542
1630780659
1584100411
1585187379
1592330649
1581029056
1575885290
1632495791
1576023003
1574538956
1583810909
1586006627
1588390673
1575091527
1590063160
1576389174
1569500417
1569334779
1579788752
1578872020
1593844122
1610798531
1642084226
1574823853
1588111464
1574302864
1593015311
1597724285
1589056021
1583040623
1588308919
1590524894
1583398302
1573294584
1601698272
1600620682
1588061312
1589777519
1577458174
1568841076
1581891011
1592376449
1573531932
1564225016
1580915452
1580440846
1595527346
1581268632
1573835514
1567054812
1587760665
1612884292
1568347686
1595002114
1585784905
1592927646
1588896140
1573074792
1596534507
1573413603
1579212673
1608265684
1586736952
1582453790
1568089766
1576606371
1601721471
1576777612
1566508943
1573858308
1578156629
1580792331
1574300528
1597819529
1584352915
1590053965
1624899682
1582784212
1584210739
1589334524
1584545630
1568939996
1581746110
1583324807
1597133776
1620716765
1587555883
1584002265
1577036599
1581888885
1586885469
1578571412
1601686672
1601471700
1600539382
1577892697
1593089868
1609418109
1575060974
1579626020
1598659508
1581873789
1576406924
1581150821
1642957498
1579475084
1572705778
1579693528
1603371377
1591077612
1592938278
1584521017
1581299312
1612122168
1591452983
1584944896
1574689540
1588856349
1599755017
1588257756
1574139411
1586090453
1593114968
1587226908
1578965557
1597794728
1569147447
1583255553
1615568665
1625395846
1571482671
1591717992
1578538184
1592597889
1578087355
1577045154
1570463367
1608253469
1578232185
1568684699
1578669768
1595336449
1572128319
1586017488
1585728570
1595446221
1574810088
1594305049
1580293075
1582686796
1575333360
1583873912
1575815568
1590418048
1589047860
1588082121
1568112896
1595118479
1580984573
1574862562
1583700599
1651118494
1618060249
1625773728
1577834489
1581286434
1579797673
1598483032
1579289381
1606249059
1571482389
1610682704
1615627593
1593492929
1591108161
1580343022
1590749343
1591391855
1581221658
1576444264
1648549538
1588497544
1580213816
1609860252
1570782664
1603708859
1583289345
1584788364
1585769765
1601225410
1576801232
1589020547
1588712568
1643496583
1580733955
1587629404
1578438140
1611131749
1580143297
1579856672
1558476061
1582984116
1582163152
1590512027
1573054773
1585739405
1655497821
1585820019
1588683776
1588670524
1576170676
1576905312
1581244972
1585853596
1586527108
1584221768
1577170684
1615293688
1573076447
1574138593
1588300281
1594092796
1558937131
1580471825
1581015048
1585363295
1567173807
1576106054
1573035585
1571783041
1575358504
1583476731
1567563117
1607436916
1581274576
1577784339
1575714180
1595730676
1586142163
1571300372
1590433719
1579606145
1610724116
1582123857
1580666681
1576250147
1571561407
1578644411
1564717216
1614960903
1575905634
1584355173
1582478853
1580104478
1591948532
1589870873
1630859968
1621871348
1582479787
1604262551
1578891421
1599885837
1588293803
1573585757
1579684616
1605449720
1565113363
1578608876
1581631965
1587177518
1586734421
1577676916
1580266081
1608389535
1576375569
1585762311
1573223583
1612872184
1590688348
1592172956
1566650101
1617865204
1583659382
1591602984
1568122836
1608733627
1588358684
1569818801
1598249288
1596655680
1571125501
1584412709
1583574607
1584528886
1579602941
1585487476
1571992536
1609875016
1576328112
1595514910
1578699152
1593968472
1578356142
1583537731
1583006240
1599177552
1577480772
1580790965
1578684680
1589998730
1564810300
1569802064
1565122011
1604333023
1586357825
1584222802
1573586495
1624014397
1576957236
1570496676
1564959803
1592550540
1578342610
1566226504
1582412596
1596918204
1581365284
1574002032
1579390738
1632987308
1565583087
1588111109
1586207819
1584538964
1596454775
1581610995
1569603404
1599836790
1581782088
1596353191
1577950076
1598384718
1575478975
1578913728
1590022980
1606670440
1578806512
1582896711
1583914755
1589315573
1608040416
1584454768
1574780044
1601341769
1598410063
1587363932
1573321324
1601013520
1587843725
1577204988
1576134747
1591437332
1571221176
1586749341
1587664824
1615239455
1571742275
1583321152
1582299306
1588837915
1599307870
1580492481
1581874779
1610827400
1589415703
1589498082
1585636723
1602417528
1571511577
1632115059
1587266365
1611338287
1565214896
1599116788
1627276123
1646669413
1576155302
1569686714
1567362640
1600909306
1599058851
1567464119
1568621433
1643287287
1606269552
1587545960
1581837000
1603669676
1628802170
1561403156
1584730774
1607019823
1578409620
1587518478
1569646584
1604058616
1570963573
1568062063
1605227605
1600483429
1583791760
1591853655
1577037132
1588395244
1568558395
1563793670
1585881964
1590349686
1570533434
1597859718
1573203166
1612255490
1578173339
1582252120
1590948596
1579147328
1597504500
1584846985
1583050519
1581780215
1589467525
1598580371
1581350824
1596257260
1583815194
1568409356
1598476486
1589285537
1578244504
1584367836
1577687149
1598493701
1633213383
1569468929
1582128343
1587485764
1639821367
1570386156
1574879052
1589998544
1606286456
1569892511
1579151184
1649451552
1579064700
1561413212
1593957400
1596568276
1572210601
1570529151
1593090884
1598482328
1577253919
1671793409
1573562262
1624759625
1585829913
1590313973
1578311516
1588403057
1573233296
1585195023
1564366352
1583541316
1594280783
1583792394
1583277627
1588476192
1579200567
1568664348
1566430485
1662898534
1586259656
1581990115
1589261964
1611793611
1568569706
1587708370
1579039911
1610926648
1559047763
1585037122
1582194775
1578578616
1558959798
1583385788
1639436483
1579238219
1578109655
1582590176
1579201658
1611866214
1585985458
1580579401
1583820937
1589593232
1585642853
1574661914
1572672474
1603007433
1582047471
1579359191
1597715083
1650548490
1586887176
1580076822
1610836186
1592970904
1583266109
1584172180
1580414761
1583667564
1588094130
1579033145
1572862176
1596137884
1606571662
1582815426
1579082209
1639062791
1583782310
1602767594
1582995828
1610960115
1611201822
1594960425
1580855741
1580508479
1583463448
1588067508
1576129639
1588091238
1583054948
1560130189
1575388094
1598605767
1577673222
1577740888
1571684293
1596240904
1594152612
1589237193
1580744990
1584089327
1591261400
1584570948
1582697612
1602166019
1563337949
1579557810
1572292871
1600107654
1569566332
1593558357
1590821189
1591320675
1577336857
1584421224
1578712276
1587687536
1573958248
1563724869
1568931077
1588589105
1581684920
1578473065
1579103168
1597541807
1581792666
1577560564
1565365996
1611945823
1581724160
1598161469
1600864830
1590077899
1587407470
1580025861
1573175532
1579899349
1602203888
1573951827
1571835658
1575892419
1583310816
1583241180
1579839874
1595948831
1598591990
1573870828
1566411458
1601981029
1584941037
1578631928
1570604843
1594868512
1577253849
1566218212
1587175812
1611159052
1570175973
1576361719
1586078880
1612841508
1577472790
1576663793
1565870563
1580035476
1562340966
1571131368
1576481880
1579925387
1589734196
1585203400
1604650757
1572333267
1581667941
1586776399
1586328008
1606056424
1592151094
1565369479
1594573253
1578976298
1569668832
1578263072
1577703773
1597021819
1587216560
1584890420
1644425411
1665227891
1563639190
1573512324
1580513684
1580825501
1575348293
1577814172
1578530981
1598568174
1584734500
1575611594
1567370075
1601295997
1580491324
1576664198
1589132777
1583270444
1584560658
1587166844
1580126182
1598221643
1599782516
1576549645
1571349565
1582263165
1561002036
1610137350
1584533111
1583377520
1582842428
1584334399
1617868892
1602709326
1590187466
1558079539
1579464392
1592355943
1583437426
1581595403
1574882108
1577540111
1576209181
1583499161
1609719654
1583290900
1573106161
1584950608
1585611956
1606976916
1584174312
1576087460
1579821034
1594658136
1575822218
1586071954
1580281956
1584310303
1586737821
1581700920
1595731350
1595590183
1594427738
1594488555
1587784792
1664754552
1565961368
1593433456
1583127379
1597419600
1582854261
1587574600
1581696371
1595593787
1593783672
1579500308
1576126116
1596670771
1576488608
1579047617
1603366214
1570807903
1568302193
1595485705
1597339715
1577713312
1584169979
1575388943
1567293869
1590122639
1576095485
1562964988
1572247152
1589447939
1643483987
1589391636
1584637193
1690699651
1588180625
1580436024
1559638990
1600476545
1570301105
1575443920
1586782947
1592196196
1584580466
1567466018
1591726582
1592104597
1599986032
1587445550
1574263656
1591572669
1578550855
1589312584
1666972497
1600756254
1564259268
1567772475
1571395717
1595029805
1577705629
1567845220
1584743547
1604509873
1570385531
1579322981
1606679364
1687145392
1583862591
1600470361
1592130544
1583930791
1602500532
1566386310
1575492582
1622367568
1579087756
1576621707
1606352020
1590930365
1575312452
1572093084
1581746040
1584893960
1566535799
1581268899
1557235592
1609904754
1576981141
1611851145
1590494778
1602245586
1558942449
1592344900
1580793426
1579810221
1575466884
1575858787
1625866551
1580171461
1600250064
1587062265
1576467947
1588276896
1601209954
1583648982
1584559233
1596242596
1563054391
1599155096
1643054148
1577737555
1588885141
1583431602
1597572556
1587166416
1578965670
1587331971
1581684050
1581646943
1576808622
1595879312
1587426494
1585565568
1574965028
1576766387
1576195299
1603832217
1585664994
1593345322
1587431160
1594584026
1599365882
1593348875
1570673031
1569801573
1583297189
1579620752
1666270309
1592210520
1591226543
1578938153
1586954287
1588058469
1578824900
1624981921
1577921436
1600861756
1584133479
1587325482
1582270363
1605943725
1588409904
1600266137
1574884276
1647692407
1575468541
1588737588
1586798818
1627334498
1576434551
1589110249
2296910659
1579715508
1571596874
1574225632
1579888864
1570571212
1581096206
1592287504
1575771716
1579886264
1562515137
1585041068
1580696829
1579098530
1576391801
1576102184
1577792003
1575187016
1583646611
1581972302
1571935857
1567706316
1589435076
1571826242
1571534356
1570999640
1586643797
1568862940
1566581845
1584589897
1580105553
1597830912
1669571226
1592579246
1589729681
1585341560
1578802833
1589512043
1578646832
1572855027
1582497263
1580165384
1588156060
1597034892
1616877109
1580977234
1591728392
1577099400
1575274898
1592929206
1581336992
1582763836
1574975568
1578070261
1570389147
1603811503
1591863014
1573523019
1590360246
1563523830
1600292156
1582752726
1580088198
1597247728
1580105932
1583924348
1582090266
1606224988
1561777197
1587711798
1573628193
1572158782
1567307295
1592547880
1583207121
1636584928
1591737327
1585755351
1576625812
1580083690
1583874820
1577051076
1589104855
1589067449
1594545951
1590541300
1599975080
1585213680
1579455905
1588814260
1583921853
1578818680
1578102023
1592156199
1569742223
1570877393
1563019857
1559385384
1575536964
1557136232
1630757101
1588489195
1599347975
1582934915
1578414728
1584472157
1597229022
1577802647
1581516477
1579157214
1586887474
1569278218
1580905060
1578270372
1571174116
1587784736
1591302992
1575224214
1639971479
1568323674
1576011693
1574487647
1595528329
1577108103
1568769676
1587580077
1577036648
1583913184
1578840450
1591148777
1572365351
1584881457
1564627087
1575087945
1572643987
1587734101
1570852951
1577254187
1568311252
1569931467
1570348518
1589403299
1577463692
1580145482
1568399260
1589698293
1587587937
1587324463
1577103211
1568120451
1569618956
1580492132
1559276744
1597793329
1570053435
1574000104
1575847511
1573484564
1580073676
1562612815
1601612835
1702025218
1571229367
1567336031
1584607186
1572356533
1571871355
1574671147
1588633616
1565953925
1584189630
1578031916
1577194788
1575305451
1584436529
1583533128
1578906596
1606303555
1576673843
1577981616
1584835185
1571545887
1574190105
1580385140
1580169932
1592089670
1579075480
1580814104
1576252441
1574127459
1584128645
1581214311
1580268473
1572081705
1569115556
1596579833
1569256457
1595877546
1586328645
1589653217
1585644533
1560118647
1565308434
1583591651
1576159878
1572373204
1605696612
1594255588
1587091011
1583998939
1592948291
1563097547
1585070967
1572846895
1585751947
1594893279
1585008906
1568933645
1569468348
1569542120
1581697056
1589723962
1567418279
1615197073
1579357825
1583143027
1579333248
1579087243
1576923353
1584983500
1576750465
1573992200
1578070966
1569918492
1570380492
1585260033
1608755065
1579830187
1570923220
1575950208
1561581959
1568562184
