1198113922
1194402676
1171613666
1169253348
1178474130
1157845868
1147777042
1143171884
1135144498
1127044602
1123517274
1115315692
1106174617
1101308379
1088854958
1080633428
1080687512
1072189283
1064714586
1059467353
1051107988
1043415544
1038430334
1030291972
1023261768
1017854590
1010949818
1001119505
997229164
989598260
979996290
980563480
967113578
959247488
949970540
940585430
933694956
933572384
925416781
916296454
912327304
905572428
896085590
886818104
878623758
874824691
870321092
863274689
854958764
843857976
842854642
834390986
823964273
825600778
812186025
807518516
799442987
791490168
782188518
778300576
770270856
766259822
758345142
748987740
740036200
737383688
728103898
717353932
715213954
707455364
704183579
694298638
679759764
681320174
674712588
660620320
660620526
652151867
639432981
635734580
631238930
623013830
618430906
611176736
597859250
599127286
591211538
582913518
576544346
568120368
560143782
555513669
547176257
539267688
534447854
526410112
518123504
509103992
505630250
497901860
492628619
485043448
477942774
471488934
465033232
2550876566
2559264314
2545547124
2529617416
2537764930
2516715066
2514419849
2516243804
2501862869
2486986580
2497527702
2480333412
2471150428
2475119343
2457990994
2450013922
2453892497
2436978660
2429261294
2432447208
2416001880
2401905060
2418442004
2395048318
2382783320
2395782817
2374758390
2360466014
2369551397
2347278124
2344755300
2348781754
2327804894
2323941614
2327809968
2306727414
2297508105
2306467306
2285559602
2282840453
2286101392
2269904046
2255335244
2265357428
2248065190
2234805877
2243849996
2229459578
2219098660
2222862382
2205968276
2198220634
2201713158
2185338574
2171185376
2182870896
2165504043
2150479888
2159772208
2143348320
2135289314
2126225008
2122005216
2116702138
2110576770
2107567929
2101709120
2092028146
2103524364
2089155826
2078426557
2084656408
2071457762
2066104081
2067217066
2052439908
2046153244
2046405309
2031594413
2026650976
2025090654
2009007302
1998346104
2004081360
1988010888
1979031528
1985862712
1968795995
1962334838
1963157000
1947089546
1941211926
1940967604
1924989628
1914499295
1920076764
1905376700
1901221517
1899042604
1878709216
1874032000
1878669340
1863432774
1857446818
1862499723
1836579396
1832015395
1841435337
1821571142
1810254242
1815065844
1800564930
1789733918
1799693746
1773701966
1773157720
1778145066
1758162592
1747741754
1752052264
1736102461
1731245723
1731313658
1708922268
1705974252
1715353282
1693843086
1683263118
1689328322
1673133853
1668110668
1668232496
1652085512
1643032862
1647388998
1626730215
1626599502
1631076443
1610176210
1605653249
1606862054
1590393718
1579911776
1589207430
1569441278
1563387504
1563051074
1547105630
1542621308
1728977684
1526416436
1522546537
1526305885
1500863276
1500820010
1499916660
1484057714
1479638354
1478997380
1462993393
1459167282
1462894704
1442063070
1437408224
1437688280
1422659687
1424247276
1421371554
1400961574
1397067646
1398133356
1379311822
1375999870
1379372334
1358077842
1588859202
1357770182
1342584100
1332278758
1325482172
1317652159
1311452572
1303353652
1296554814
1291998570
1283307884
1282721192
1269697780
1260988634
1252998965
1248411336
1240268936
1231981200
1223701343
1220125304
1212356285
1208420663
1199115164
1190141626
1190883066
1178001974
1168947446
1164633450
1156516737
1148101074
1143452368
1134624252
1132243516
1124184021
1114209984
1106219466
1102930740
1093330158
1086721662
1081369610
1072089767
1060202138
1059696526
1052048478
1044872522
1038301702
1031058897
1022029508
1017547062
1009292160
1002114394
996560164
988094976
980275258
976638798
969060114
959897909
954393864
946946196
939783764
934365594
926127708
917659390
912254674
904122828
897708306
891387464
879294118
876992785
872222130
862161353
855125416
849317633
842224057
834532646
828380050
821569530
812137153
808964476
800842390
791473122
788708910
783663760
771464794
765605166
758027820
750317542
746510154
737371816
727944650
724130388
708970882
708745932
702656412
695391714
686969029
681943300
678637587
666364552
661746534
653200116
643824266
645129762
633001700
624177045
619888418
610147972
602079428
597677042
594297994
580977544
576397402
569514140
561497638
555697824
548728666
539910350
536147580
532468179
522041160
517542170
513768155
505450848
497217041
494208110
484489580
477362317
472489559
463882956
2549661120
2550666460
2550642926
2534076273
2530248524
2534511810
2509224352
2509801488
2513311600
2492069786
2481428028
2487246884
2471998006
2468394922
2466263644
2451806188
2447465167
2450132760
2437656300
2425622426
2423823734
2410643804
2398365714
2403448632
2387194396
2382517484
2386939196
2362407988
2362433297
2366764013
248546368
2332099763
2333105172
2319686684
2311317116
2314505148
2299825239
2291446764
2290854344
2283072366
2264812048
2269206439
2250051260
2249378795
2240020622
2244491678
2221859890
2213625120
2222556096
2206376986
2199466302
2201787698
2186404300
2177002832
2180611896
2158610810
2150036398
2160686178
2148603822
2136934508
2129456672
2131194950
2121955768
2114139106
2111035886
2101520306
2100812052
2091713002
2082531654
2079932188
2074913928
2065672330
2061064104
2059048418
2051079234
2046602818
2040007640
2025719842
2027231166
2017381154
2008996456
1998596688
1996726844
1987787382
1977023088
1970323196
1967002192
1962651336
1949393883
1946662144
1936881213
1934906941
1925033170
1914141842
1913688792
1903807894
1900895685
1891132912
1878712106
1878505634
1871251164
1863924086
1853178172
1849185744
1841052524
1838037316
1829679100
1815693876
1815251730
1807252148
1794805307
1794793606
1790562072
1772226484
1773746672
1771265074
1757361030
1746826272
1744283366
1736282654
1731337178
1723465796
1715120090
1711972324
1702011550
1689666191
1683190958
1681286226
1674298972
1668523126
1660193472
1645910536
1643101828
1639321164
1633051780
1622502910
1628188444
1606105504
1599839552
1591603168
1589177756
1584351866
1577345204
1569666566
1564733026
1555859231
1548874220
1542409864
1534121530
1527171692
1521741934
1513207738
1506025752
1500604640
1492009930
1478142996
1473871880
1472309700
1463073838
1458982134
1451484771
1437657535
1432829026
1429141650
1415199212
1412017046
1410034381
1401196016
1395518376
1382802622
1380596418
1374784828
1361769429
1353936159
1348912264
1346410212
1332833794
1332786236
1325697534
1317441178
1307142642
1303187986
1290734315
1291769679
1282115274
1275281564
1269460896
1261262198
1253001510
1248255786
1240034784
1227594038
1227051229
1219257602
1211896488
1201906806
1198878008
1184578228
1181136817
1177423874
1168994726
1164281118
1158279233
1143655804
1144884229
1135101146
1122829556
1117937736
1115095440
1106020633
1103108694
1098854504
1089803294
1079645728
1079794602
1067788142
1064413930
1060841596
1051203690
1043125404
1040358464
1030833060
1017480708
1017757604
1009747326
1001074902
997563408
989010936
993959748
970203332
968225960
959247966
955637308
940406908
937926752
933780456
925054700
910757628
914298532
904033390
896010254
891534278
883160837
870541697
870409977
861901155
849671278
850082808
836638262
834555986
829486819
815688636
811925434
807525486
800419884
791915517
788071225
779588026
770538184
765425568
757279552
750319140
744364320
736848320
729877170
725104870
716192390
707197622
704229732
694152926
686588262
683120050
674495472
665069110
660340650
652446980
643809912
639170382
631915375
619007924
618762250
610700692
602070438
597486116
590062018
575069480
577300946
569079732
561106276
555872034
547116898
539593802
535058372
531443200
519521586
513922738
505057096
497047286
493513621
483825892
471844826
473235862
462806243
2562895174
2550514170
2543763434
2542007072
2530426254
2521032737
2520991588
2508430096
2501590292
2500149072
2483051164
2474753990
2479537800
2467142004
2458070450
2463111326
2445467924
2432136683
2437833990
2418716332
2410970584
2416229698
2404854830
2389499392
2395153658
2382602613
2374161852
2374156932
2406319714
2399810660
2527011914
2341754685
2332132152
2332701055
2319637280
2312410540
2311408564
2300040520
2291514024
2292467862
2278467568
2263553266
2273961335
2256952864
2248248240
2248188598
2235612546
2227392915
2231725670
2215230334
2206107944
2211546034
90438306
2177232122
2180619694
2165481062
2158028638
2159207713
2149413628
2133093320
2141930978
2131077990
2123565200
2127294822
2114889041
2101193511
2105936489
2087730117
2079721804
2081247186
2073556637
2064793456
2061523006
2048142074
2038096014
2038518980
2027410218
2018459376
2016828220
2005803957
1997332964
2000725868
1983382132
1974288346
1975902659
1964214300
1954047884
1954122286
1943197508
1938330156
1933878584
1920485661
1913506120
1912211604
1900854842
1891134404
1890961614
1878553934
1870949308
1869977394
1858904454
1844484798
1849535374
1837580251
1833492952
1828483496
1817043236
1807032140
1812093480
1795361170
1790422756
1786825514
1768586280
1767029214
1770210980
1753868809
1744009279
1744228944
1727172960
1724184434
1727944112
1711621882
1702029535
1702487084
1690858265
1681464348
1683632360
1673853371
1664490358
1660543046
1647769660
1639151348
1644394888
1628325746
1620272806
1622856612
1605518508
1598976186
1597052688
1584368082
1577337318
1576437864
1565110634
1555136471
1560182575
1544119398
1535789238
1533738094
1545208874
1518614638
1513624448
1501765349
1492837956
1497039712
1479490414
1472001336
1476495878
1459793942
1451064254
1449939391
1437646590
1429156864
1429432407
1416374052
1408078098
1409033656
1396395196
1388613864
1386981096
1375929916
1360096656
1365897566
1354388908
1346878298
1345492498
1332492656
1326033688
1324544564
1312959753
1303255684
1302868414
1285873792
1282074203
1287687408
1270396540
1262061694
1266451898
1248288379
1240355281
1245112526
1228187264
1219992898
1219266772
1206461037
1198078524
1197852814
1185763838
1178419020
1177605156
1165807138
1151426080
1156155724
1144713634
1136445978
1135367870
1124266726
1108942234
1114275146
1102764294
1099634858
1097228682
1090840464
1079851204
1079794700
1064016730
1059357008
1059459468
1042945757
1032447908
1043335280
1024073588
1013196468
1017424498
1001387206
997350162
998461800
980153042
975580586
980301846
959687738
954298939
959267744
937925930
933303764
933019176
918239383
913803674
912331004
896093470
885431016
891124732
875044048
870351264
875039492
854204773
849468249
849381810
833050833
828529946
828508332
811984146
807181662
807062342
792196511
786904638
791307538
771746638
759286876
767602816
744480002
744222516
744165056
725224138
725932574
733533982
715792740
702830532
715822616
695100415
679761784
689553416
673020448
665093576
668507680
647602421
643962660
647460240
631116364
623335474
627432538
611568179
602274758
605529734
589543118
576664372
589500670
562216134
555683328
568881684
542679971
540669672
543456795
530401638
519595902
522042892
505491090
497072650
501168418
478337850
471806786
479639710
463903982
2556737074
2561004868
2546582058
2528392712
2541087296
2521360586
2513093758
2518894460
2494467981
2493374482
2498023359
2473413970
2471219792
2478273540
2458979366
2450098973
2457515089
2437122945
2429048251
2423668302
2425607968
2408007156
2408861618
2403385884
2388345958
2382508286
2381899682
2365856328
2355271788
2361679222
2346293866
2335070298
2340330014
2324189081
2319550757
2319107708
2303148792
2298319222
2298054674
2281926560
2272356779
2276872460
2261149352
2251136010
2255887784
2240197771
2235589314
2240737846
2213724750
2214588783
2214220154
2200102634
2188039029
2193213002
2177467182
2166352964
2172199796
2157819246
2146709883
2136833362
2129109108
2131984452
2122504568
2115523533
2111335214
2102176916
2088993292
2089871534
2079801376
2074564208
2064674614
2064281232
2050140046
2050165588
2047510802
2039058492
2025779122
2019517211
2016322054
2004611106
2004348866
1996071354
1984177892
1983503746
1975186306
1966991186
1962216872
1954022752
1946920883
1937092540
1933160278
1921098529
1925303578
1913459316
1899734628
1899427990
1891004358
1876776884
1880090408
1871449778
1862155788
1857438850
1850357508
1841194353
1837117404
1828376965
1821177082
1816683218
1807168950
1799319928
1790044200
1786007480
1778051391
1769075158
1765176610
1757500314
1747793040
1746291798
1737027154
1727073788
1723550082
1710536427
1715547050
1702026780
1694129622
1689636736
1681120053
1668735356
1668618666
1660407067
1652719376
1647359530
1639214266
1631397466
1628492096
1623814944
1612533690
1610244666
1606501174
1592841058
1589085970
1584448349
1571707220
1563692958
1563514678
1550744852
1542614404
1543489462
1534049894
1521635444
1521460561
1513130528
1506408032
1500588550
1485889676
1484025728
1479741970
1465171080
1463358606
1459476322
1450002601
1435776993
1437479976
1429446578
1416665966
1417058491
1407978904
1399998458
1395472434
1381984386
1379359184
1376112620
1369256231
1359241373
1353448589
1345008678
1332552662
1333492360
1318111137
1316010094
1311360748
1303184180
1296119390
1290761956
1277630584
1274046286
1269590974
1262036262
1253067045
1248532652
1239971144
1233706241
1227396969
1219294786
1211060418
1206551993
1198058074
1184838884
1185716686
1177021441
1164641502
1164383384
1157255356
1147968363
1143690004
1136009672
1122754584
1122661624
1114085483
1101733120
1103134200
1098915601
1085711096
1077000664
1072935214
1065487560
1059686834
1052020508
1044193384
1040095564
1031411731
1023066880
1019115680
1009558210
1002388765
997343645
988188869
975605692
976509861
967324164
960094102
948358375
946190852
938123562
935032484
925815959
922444050
914401586
904153830
897659305
892674228
884640996
877105158
870533814
862155751
854882917
850566810
841277108
833256415
829484802
820166417
813636418
807497728
800636080
791552900
786411601
779736494
769907184
766864004
784143276
749883556
744425446
737682073
730948028
724893210
721337297
707618146
704087626
700410661
687826144
681270139
673291620
665347564
661219548
652259168
645816586
639445244
632554408
624771262
618359126
611449584
601916746
599062426
589087655
582011585
578218254
574842781
560473982
557393830
548542684
539190026
534645362
526983928
518009094
513325678
506950900
497025798
492537706
484127956
476150090
472292590
468499124
2563106790
2550792124
2543370023
2543272765
2531032320
2521088226
2521297304
2508419313
2501351296
2505449446
2482620628
2479252608
2481968720
2466687524
2458385358
2459546832
2446874206
2437051509
2442524858
2424608988
2416486702
2416257172
2398759628
2396337490
2400660683
2383196202
2375207164
2379762524
2362597864
2353226246
2353077570
2334999212
2332156796
2337444388
2320041234
2306776932
2311297088
2298561522
2290708444
2289842202
2279091098
2263061088
2269710826
2257161605
2249280280
2248040996
2236713904
2228060704
2227124768
2214345273
2206119788
2211631254
2199450622
2185330896
2185448052
2172335020
2158659470
2164119604
2153095852
2149382984
2132956770
2139043996
2131447450
2122630721
2116217367
2109640822
2099060600
2094651776
2087915044
2080725361
2074627152
2068507612
2064119016
2053243807
2046768102
2037198152
2031335992
2025444692
2012755290
2010206532
2004858536
1997799054
1989057442
1983218320
1975216630
1968648100
1963997461
1953996640
1946404319
1942286650
1933174202
1926099044
1922218351
1906298690
1904501058
1895290248
1885397924
1883116054
1879408401
1869954760
1863632314
1859227342
1849449046
1842548799
1837478052
1821918440
1815772168
1815335985
1802603002
1799379504
1790194688
1781594188
1773872222
1767325585
1766030105
1757137093
1747884752
1744686174
1735109106
1725772276
1718695820
1717247504
1710645300
1697483394
1694360854
1690321926
1676679540
1673255260
1668499129
1661063080
1645924224
1647442894
1633615316
1631332465
1628122314
1618970584
1618172108
1610612824
1606288096
1598840494
1595346186
1579971802
1577547739
1568018212
1563820296
1555187630
1546999330
1538032708
1534207864
1527000713
1515008592
1513305918
1504889696
1500009648
1493516539
1484034470
1474964105
1471454884
1462967266
1453683052
1450077664
1441964994
1431357452
1430951642
1421160452
1417212484
1408077036
1400058490
1396410030
1387070762
1379019864
1368484120
1366418266
1358331690
1353570394
1345066938
1336472822
1332337480
1324036414
1309677031
1313231936
1308577220
1295244078
1290287288
1282276824
1269671782
1265004180
1262942862
1254119447
1248342984
1240049079
1225802740
1227360502
1220173958
1212166806
1206298220
1198072274
1190823178
1185351852
1178126486
1164604760
1165671471
1156130682
1149476364
1143487011
1135197380
1128561452
1127355494
1115114388
1101746078
1097320962
1098143118
1089123130
1083855014
1081054136
1073367953
1059590016
1061352884
1045407000
1038654844
1038475796
1031337772
1017743200
1017547814
1009041540
1002116094
996640465
988016598
980001369
976118452
962701966
958928020
954611232
945974438
938029564
933364709
924974300
912796903
913778058
897658152
889927244
892801172
883095772
875028746
864338470
862214946
854884426
851200207
842708928
833915577
828381738
821276908
807724522
809112220
800585492
786412793
786434134
773742408
763876472
765745787
752550076
749719268
739934976
737064786
729744318
722601796
716450305
708970269
704166714
695309044
686748058
681687529
674166878
665125760
660342418
651497595
644203562
640670970
631073019
616856588
618846562
605655187
603865846
597661350
590772003
583051760
583590718
573597550
557824164
559470901
556942992
547087156
535676652
536504670
532650246
526053672
518302292
507464990
505151914
497972208
487878846
484110684
476375376
472891243
464612474
2555335748
2558530444
2543939100
2534106685
2538177124
2515579196
2513032382
2521663993
2495606348
2486509849
2500914589
2480365304
2471743398
2479957962
2458086010
2445711560
2458489420
2431341394
2431197492
2432292512
2411801570
2403598792
2411229780
2397316360
2387284870
2390428601
2368404908
2361658920
2370201365
2353074364
2339330284
2350661612
2333236468
2318582029
2327558862
2306760972
2297802484
2306787318
2291234404
2281965308
2285294884
2263575300
2260918282
2266461948
2248193710
2239924828
2243334588
2228654204
2220301918
2227705726
2205739456
2198299142
2201485940
2186620165
2170803284
2180829804
2164453052
2157731597
2159269048
2144302740
2130090473
2131396490
2117233538
2120973585
2106496660
2107967150
2096388770
2096482750
2086145014
2086877520
2079624896
2074619620
2070023548
2060959542
2054543018
2052130056
2046410193
2038042070
2030574266
2025300420
2017115330
2003485492
2004377690
1991802101
1988693805
1983647848
1975163960
1967325018
1962326050
1955446334
1947980546
1942336734
1934861292
1925367103
1921281048
1911600864
1904112517
1901007925
1892637696
1885085152
1878289694
1871598495
1863408814
1852061610
1850817354
1842448938
1836182646
1828788094
1820967649
1816217708
1807166371
1799107957
1795810906
1786224182
1778229240
1773367214
1766525801
1757011042
1753653984
1745683992
1737955470
1733001596
1724921170
1715005688
1706509670
1703263852
1689954390
1690463778
1682496096
1673849174
1669279508
1661126491
1653111912
1647430776
1640108981
1631093617
1628212053
1618286784
1610721442
1607013898
1598891380
1590979324
1715874728
1666896806
1569674774
1692026679
1556564978
1548133230
1543765746
1535351720
1527396318
1521207364
1514619134
1505281762
1494986386
1493136206
1488994806
1479147134
1472015206
1463086502
1459501778
1451376055
1443171632
1437112310
1430144544
1421196294
1418331340
1408291442
1405478218
1397162300
1387135540
1380253538
1375344822
1367451612
1358193534
1347575868
1346923606
1338377378
1333020130
1324263392
1316047644
1311438413
1304735372
1295255706
1291311548
1282329088
1274138804
1271206678
1263014107
1253487488
1249190721
1241182647
1232103229
1227412198
1219049568
1211251086
1207615606
1199959418
1190099452
1180021200
1177464559
1170606803
1166013008
1158096367
1148074480
1144629677
1136335138
1127098602
1122543300
1114104615
1106133122
1105035592
1099626001
1090086370
1078939842
1074333898
1072247120
1065906166
1060474622
1052186000
1038686268
1033240247
1031002011
1023277178
1017648568
1009195374
1002415700
1002138113
988280306
980941602
975478926
967014356
959072506
955751606
946271570
938854608
934190824
925101594
918273429
913365500
904823639
898020628
891334370
885004910
875350594
871660918
863427203
854064488
849890864
842153120
833024047
829900514
820721868
812062644
801716650
800357768
791280530
787733258
779428254
771992559
759747378
758150367
750079065
745534088
737052652
728136788
723767756
715057176
706603662
702677798
695975108
685965936
683196998
673105376
665016648
660355081
647696350
639775931
639945987
631006056
619040785
618448743
615581160
601306120
601199862
592202860
584797170
581291648
577225064
562238760
562205374
556302950
548473222
538994678
535338884
526157888
514257114
514292902
505090630
498640556
488527002
485893838
475802962
471636300
458628652
2550776188
2549269082
2550010681
2530177936
2529446821
2529418632
2512941886
2503858944
2508303248
2486695572
2482720194
2489418624
2472667174
2467928412
2466142636
2452170567
2440526510
2445546560
2423633980
2425721000
2424213940
2408311600
2404266161
2408689409
2382642102
2382075360
2387009416
2366774674
2356743478
2363565033
2345172566
2342780194
2340090146
2319734468
2321486135
2321490958
2304844721
2294104958
2299870702
2283668482
2277687058
2277283606
2255205168
2257261604
2261473238
2234353488
2235580242
2235913795
2219932258
2209719142
2215172790
2193602646
2197321332
2193314350
2171935324
2172747118
2172347518
2156778213
2145250853
2156659648
2138902818
2135906040
2125199768
2123388533
2111054336
2106244536
2101481455
2091026836
2087896608
2083406344
2079779546
2068184505
1029396316
1011458434
