2839506017
2349325480
2334562336
2294440134
2298180486
2345797060
2292763004
2249024080
2260397714
2284046628
2326289604
2218913416
2249831060
2231523970
2236608568
2228699228
2224469924
2241070708
2198988302
2214619938
2163903078
2191420676
2141750160
2124695628
2178833998
2121318538
2113552982
2087382780
2206399058
2072562011
2091924804
2119323809
2061323432
2127187629
2052626696
2071199166
2011891418
2019348260
2010022904
2064359630
2025508368
2013260806
1985000642
2020901828
1967715608
1959561978
1953613646
1956174082
1934617248
1951411970
1991956130
1926959237
1914689714
2009941752
1915680704
1896641798
1896419213
1876570244
1866129658
1932180912
1899110532
1854230749
1866351269
1872621133
1856401454
1822932820
1809106910
1813182703
1823330304
1789169356
1801191006
1770220820
1838790296
1758882172
1802547098
1754231134
1764622484
1768269438
1735753056
1731990140
1784075168
1777793289
1695455286
1761815644
1777539758
1686337174
1662099036
1675814824
1652377792
1644646686
1638456418
1652368584
1627426750
1631443170
1631378590
1619805270
1601399000
1619402528
1590407748
1577741688
1588950228
1568028718
1576022150
1555763568
1548972996
1539220479
1548094146
1526572568
1556696945
1545102725
1569761004
1506739876
1491768294
1485136366
1485452984
1544670733
1466589412
1530238934
1464934879
1441309236
1447686654
1437985200
1434878272
1487024936
1411909976
1422853700
1409490486
1442367880
1434926401
1367060470
1400552175
1391053550
1363270950
1381255546
1348008677
1327972460
1325837693
1333271384
1305237674
1318829708
1350755801
1298033394
1303082574
1332764768
1274548603
1301287050
1252823926
1247585346
1240548972
1232668470
1248537112
1237142254
1205538486
1203434736
1197229264
1184410100
1226367008
1176284588
1202143534
1182987582
1151117496
1170066482
1197633140
1134856726
1160395517
1119519962
1125248444
1106626876
1136498376
1260707264
1114107074
1084158322
1128855076
1074570740
1063624800
1054765424
1046323292
1046778044
1045057348
1094576676
1022323594
1087171810
1086463468
1000051678
987853048
984847714
978889522
970522094
966294822
968634996
995311986
1005674934
949122428
968017624
942257474
909284540
964095870
904399619
896610336
881161104
958421686
918939970
867270890
872730352
855854914
844972994
839975457
841554737
826207412
814236652
812782509
812955762
808386990
787673614
777962998
778087266
768571502
841053990
755836200
787280416
741270158
738624028
778573749
740842264
756472162
770245598
709688846
697247656
755202488
710596322
673959356
718182715
668140070
655405290
728123890
697197632
629265536
624315476
625264742
614101414
606863772
655406224
594349594
588946054
582136848
605138243
564486568
556315038
553000128
556647230
537413230
527145916
536156514
520022180
590230742
521783804
531308786
481331978
543507620
499479440
2566467356
2576419330
2554305440
2543229848
2552840168
2570280106
2524714360
2521766112
2534214308
2497136696
2492875524
2512589400
2482369216
2475500040
2515315694
2458122320
2457407299
2502767994
2441554736
2432824592
2422742758
2420550952
2405956507
2403878034
2434177378
2431910460
2410908461
2376240254
2374616684
2366510872
2370386298
2354718384
2358912438
2329670134
2328424578
2357078496
2315767714
2305597386
2291822060
2308406298
2286019696
2274864957
2266363014
2263920712
2279162946
2251704638
2264550254
2236205466
2287361678
2244965616
2215485556
2206996910
2264885558
2191785082
2182378544
2181876828
2175219750
2179376384
2186903100
2178199836
2149122796
2142381339
2155549386
2157894165
2162413709
2123099584
2114538729
2103494444
2094074300
2093700046
2134413910
2084723584
2075405117
2079055632
2064728408
2056845838
2057667264
2046646262
2043436071
2095882374
2036183145
2050851218
2016151562
2009099230
1997672656
2043585381
2005801101
2170861948
1980693833
1970946824
1959361912
1954795860
1942844496
1953057662
1937326086
1928078716
1917466656
1907345894
1911426422
1902927624
1892215116
1967796004
1890644672
1873584758
1866154464
1863963419
1846822440
1862693431
1850758186
1836131871
1821034386
1815262042
1822483426
1840600198
1791651018
1780115895
1781816652
1775314964
1762840546
1756806152
1774122688
1772860916
1759989395
1729832050
1740918154
1716608278
1706853892
1696437670
1703648762
1689604896
1738579945
1676944073
1668728536
1723277240
1651476628
1644545951
1639358678
1636585634
1633866902
1682143205
1623143884
1613594012
1613201758
1597364370
1593143788
1584357066
1599487894
1565653288
1559957050
1569775550
1544440772
1539616522
1531244674
1530139446
1521546254
1507218952
1510139446
1497560866
1492755644
1487945570
1486581836
1468158413
1460094192
1458816748
1446492786
1444500778
1444620696
1456719610
1425228266
1410470938
1411039702
1400615480
1396152398
1413374022
1379420729
1390207204
1370753260
1357827808
1353682870
1342327075
1338351878
1345024931
1331724311
1317682798
1338303482
1305023764
1303201584
1324807803
1339168242
1278145720
1262903186
1259197756
1253700916
1252898874
1237124534
1239033396
1224175024
1225914676
1208684255
1203650278
1192115560
1193803154
1185462750
1171157874
1169738360
1164671470
1172547456
1173698200
1160751862
1142759716
1130669184
1116016992
1185655442
1106624144
1106254684
1091479002
1096255056
1095581152
1072539956
1065157142
1052803770
1046078736
1084721559
1036868952
1023674702
1020352402
1031700574
1003262854
997579046
1017624854
992739712
979385458
969490940
961148076
968180462
970301832
942921168
935036668
936741236
919504998
959452306
909548880
907941002
902913938
885311344
881106604
877756924
864340956
942748734
855310260
892010840
842418020
837087668
834007477
859202277
822786561
804120357
813651688
787836364
786530943
771566250
851332936
762251514
757943756
746866756
805924024
736855354
755201192
730314506
712698170
716217752
700770074
692503768
690698658
688350192
673589150
711962856
709204656
650060308
647969054
632566193
625510552
620531210
619282202
606184637
602669477
591323816
624861810
583294852
578249774
568754901
585846637
562277502
548552059
544534016
542913924
532275352
523388120
518523238
535218934
499365346
498432773
485358351
484516416
519342358
468128244
2564826612
2552567354
2551358618
2539419304
2554172782
2523034786
2529437924
2516698148
2508325908
2521674921
2489840316
2484178101
2480148182
2470713338
2460236420
2478073292
2450617814
2443877765
2457593114
2503279674
2418150712
2416507392
2412314460
2400584972
2389320280
2411455126
2425201476
2368466052
2363793680
2420858036
2369201212
2397887766
2333797208
2326009010
2327845678
2313102042
2329553781
2301414413
2299090704
2287554050
2280254744
2271343424
2263134110
2264693782
2283340891
2242464156
2263442185
2232624268
2224184036
2219628036
2225737930
2206281260
2195373771
2186376351
2182087850
2181137276
2253248578
2158099280
2158577842
2153714437
2137371086
2133301770
2165959598
2144084700
2116068560
2106441656
2093944094
2094526842
2082290700
2080220318
2071943439
2070315928
2088424870
2130323967
2052901233
2039717909
2076525794
2033684962
2023962396
2018166168
2013003820
1997219084
2058815672
1991935200
1983088284
1969352490
1967809097
1977588442
1972510971
1947838848
1938959890
1952134662
1928859346
1917618266
1906168057
1924741852
1892962008
1891556050
1904231504
1871771622
1885220536
1866969904
1857827126
1842873597
1864662640
1853572962
1826319814
1827992668
1812718466
1847751906
1806052916
1799038834
1783838335
1795701989
1770432954
1759254924
1759671920
1752280926
1737945826
1757734844
1729080633
1842490893
1735990709
1745541993
1699290088
1697322748
1686581078
1674867676
1670684626
1669877790
1654471698
1673699361
1641715780
1636394380
1638724758
1624977216
1615198230
1677036426
1612479188
1599476306
1590873730
1586433402
1582108081
1576440400
1571940328
1556405994
1549666910
1547423654
1550768652
1534532788
1530135560
1522963860
1507558308
1502288564
1497074452
1487827233
1481621274
1476309108
1489546861
1460809176
1452335708
1444340484
1442246138
1437651752
1423374252
1418627392
1413205621
1405406970
1408070682
1392232826
1381120438
1379753008
1368370428
1363113952
1361788084
1348357749
1339966548
1337769347
1353646470
1318117967
1319558448
1312396814
1297879930
1295735013
1350123355
1287413775
1355469216
1262559592
1279598012
1250526078
1242678612
1247080488
1232480294
1221298442
1213053844
1251201902
1214629048
1213306154
1187494244
1178801908
1255066418
1200472138
1199994158
1150195226
1152005886
1157266688
1138353246
1123669438
1118507166
1111288218
1106439540
1142026406
1087907896
1082950678
1079649243
1104119696
1067456866
1057555834
1066356706
1043816370
1077781983
1030419395
1025599659
1011373690
1006470480
1001331175
1010043126
982278594
979675180
972337146
964238551
962762732
948034896
953980750
938529880
927234073
925485045
917448079
906921226
898184558
938160838
891164786
876654298
873188462
867415753
862966208
851024320
855398922
835022860
829537330
825403078
817226204
809649704
801244738
817317972
791587545
780975208
775383278
767573304
759005279
757849064
765635592
742330268
729865616
726215839
737952050
709146620
707598104
709303192
691359012
682661004
675066262
670200484
665766112
681263308
684514012
641654670
636142265
626744850
627102252
611897052
616469676
599551264
594544782
649378774
581588788
603485080
567307952
563830056
548509122
541530952
536965052
534460562
533650208
535760674
516869512
498445824
497272734
488226703
480653226
493391932
468201994
2557176834
2551712626
2549660526
2612857343
2556388546
2522770298
2518236732
2576500442
2501193596
2498731576
2516726734
2480811036
2475968976
2468577382
2464604580
2452242050
2467968804
2439008790
2435172510
2426237660
2421585520
2414434082
2451062596
2397317178
2393614490
2387479884
2402037371
2413107694
2388340416
2355277603
2346814865
2342360478
2420082356
2329322470
2345360693
2316219966
2305272838
2300296700
2359836914
2351671540
2296358022
2271010178
2263133304
2264544970
2249886864
2242400618
2258825878
2236431418
2223834253
2306358896
2277538906
2206899163
2207528676
2190320232
2180747104
2177871436
2166507404
2178913067
2158789910
2150202944
2143971430
2136130880
2131524326
2144534949
2185692028
2111503499
2107833444
2097851867
2096593608
2089171396
2108286398
2078176026
2072264022
2068476776
2077730202
2051793359
2043730526
2031480638
2026995454
2021945549
2014355172
2005736408
1997439384
1993107244
1991566774
1989896484
1968523514
1972828258
1959085702
1948302968
1943473897
1937323102
1929935612
1928666886
1914222946
1906229104
1911786298
1899721094
1887816676
1880021942
1880141613
1871117954
1859607158
1854276054
1846358141
1837961362
1830236704
1834444360
1820335627
1809324980
1806842308
1796166982
1812289172
1784614140
1778139090
1766674710
1762108358
1765798310
1753201710
1737933504
1733540417
1728289800
1737619388
1720134462
1704328740
1699330726
1691370456
1697825346
1674690928
1673846718
1728383235
1668271706
1676861014
1644238942
1668656820
1631491676
1620598106
1633557236
1610479618
1602408062
1594314528
1592672754
1605493691
1573462341
1565175908
1557319662
1549689454
1554528270
1540934348
1531226642
1526758117
1515042150
1518346872
1501794416
1560182404
1520306380
1484369129
1483683966
1470930295
1463329864
1456328146
1447123602
1456520690
1430592515
1423332248
1421365334
1445728794
1402028259
1396975011
1389301544
1388119830
1388446679
1371373859
1363185350
1360643742
1368756786
1342791060
1334351948
1325598534
1321209538
1334279132
1304969464
1345544880
1358858978
1287280086
1281256032
1273714684
1272078832
1265597088
1330907572
1250556309
1241320537
1237372278
1229335045
1245512192
1213403647
1213288240
1200066742
1211943286
1187295806
1178839968
1169609833
1171836272
1157719496
1150284084
1191800158
1269913273
1206331511
1131258652
1116309554
1110877815
1117803525
1100581498
1090938564
1089578456
1114145672
1074015998
1065286562
1060953370
1065587202
1045112808
1040015368
1031603566
1044374256
1019450400
1010610768
1002838785
1009798644
989747718
982332520
980921758
980760926
1036540118
960225124
951340084
949387814
939265552
926788327
918896618
926985191
927612723
919533566
900248514
895592058
883156861
872337620
865811276
867408621
855049610
846654243
835284404
839788294
821852070
813688108
810099352
811161308
792703662
788427522
779516038
781580364
770458538
759034462
754395124
757734138
741184656
731959507
730394164
733153584
716966276
733556166
707486647
720237432
687283926
686526617
674992295
678174266
665493542
654407642
649188478
651470086
636561464
631938841
686234884
678291628
609321996
605640702
591992676
593536528
579348914
578453056
570227698
571716312
560661342
552183304
541276656
547012640
531128374
523536196
515325986
518620882
502463777
494240168
489217270
489945992
473291120
465017486
2557210233
2564405506
2547271248
2535539550
2531249768
2533612059
2516117626
2510280230
2505091432
2505355468
2496136464
2481369234
2472668164
2480561678
2460078992
2458788005
2453937474
2450120062
2431108558
2429435481
2418925556
2421444895
2406290718
2396804964
2394975708
2395300872
2384978638
2369000746
2363193102
2374843021
2347196768
2341798142
2333373300
2337257626
2347528310
2312998228
2304565213
2312555614
2291723620
2283877808
2286478680
2282232663
2263135650
2261216522
2253352258
2253456076
2237688984
2231568648
2227426506
2235653530
2211513320
2199915348
2195031958
2198056588
2178617854
2177820862
2165944934
2169655182
2155120052
2153149812
2140315698
2155355334
2131201377
2124145760
2119700444
2122631690
2104864018
2098504766
2092966438
2100808601
2082743002
2090735111
2072232046
2081117476
2064367540
2055356794
2050897320
2066205360
2042986176
2043140626
2030811830
2046534770
2010489702
2006154913
2001254642
2000395752
1988693520
1977412048
1971895362
1974942636
1956898296
1948285903
1942785150
1962973638
1930407660
1922609616
1914090196
1941075832
1901301982
1892471715
1888880430
1890252748
1875530094
1898849860
1920294714
1918367150
1927144748
1838052224
1833102636
1831766970
1821014354
1808926316
1804396342
1807008134
1790855293
1783601390
1777187619
1778536736
1827076238
1754830914
1746741256
1747743894
1740688168
1729513851
1717803498
1733332956
1710582754
1696380508
1694565185
1694549175
1679680355
1673848476
1662117990
1665795762
1654785096
1709006861
1633240712
1639799926
1623388848
1612765018
1610271204
1610065122
1597948155
1608635762
1606338640
1581206713
1571351018
1560342085
1554821040
1553704184
1539379165
1527794806
1526243652
1526823216
1506848651
1502175264
1496833616
1495038100
1484216634
1476073422
1464011869
1544875740
1451454244
1443887186
1439420682
1442965832
1424421396
1426585196
1524384964
1471898206
1396491617
1388609280
1383901688
1385129562
1373162810
1362934370
1420576924
1358476164
1343155676
1337316844
1327217344
1330909188
1316738147
1304253492
1297187350
1302683504
1286118238
1275003542
1274160990
1274616486
1258119602
1250233991
1241372392
1243857284
1236106208
1221159755
1212645135
1219194852
1267137408
1212783582
1190924668
1307675008
1177054836
1166235760
1158008372
1161532766
1144676692
1136983678
1129150189
1228384782
1119169911
1107948530
1105039406
1118846020
1086537334
1082381410
1073889648
1077823674
1060783221
1052672947
1045322187
1050952472
1036377262
1024297628
1019403698
1026997602
1010154813
1001476054
989852760
995589596
977424460
972176708
1044852358
1092684094
959303292
942801726
937987334
938655900
922642908
914374539
905894324
906753057
904044076
884727388
876981106
883898576
867191284
855505442
854693098
941098912
847488994
829463118
821591601
824758542
812174758
801351364
792995820
802952180
779909623
765861829
771220880
769714476
750746178
745705041
743483378
749699784
733509602
716869514
708542825
715628684
696205410
690987273
683230542
683896544
669765158
662161250
675187262
657507440
642028738
632965534
646908480
632127720
633367692
604138036
599222402
601165690
582829288
579348470
575059353
589368590
560179924
555314500
548573273
560492271
536569414
527929282
524448222
620648737
510495678
498879394
493949839
496101732
477804874
473290696
469304528
2581468316
2552267537
2544247764
2537143401
2542353374
2610302011
2514173126
2513057481
2513549520
2497682308
2488968636
2480926516
2483685834
2491946052
2463004780
2454802512
2461981784
2439033008
2438081034
2426406820
2446090976
2410115526
2404287950
2400262184
2399718620
2384408918
2378921811
2367651104
2384971077
2355221168
2350232676
2342162650
2342961939
2332231042
2321336264
2312729288
2314292186
2301378474
2295043224
2283661942
2298593058
2278050088
2262882507
2261541848
2264752082
2245624590
2237358216
2228968318
2230902868
2219102146
2211446083
2199714913
2204687164
2193528192
2182748994
2236047265
2269050808
2157911250
2153091796
2144611907
2136726981
2135083478
2124115095
2116595494
2115210834
2107543208
2103031366
2094975148
2089769174
2081551290
2075275044
2070971336
2066091008
2056561962
2052459497
2050433951
2039794310
2031500204
2027454552
2018679146
2014483760
2006389280
1998035295
1993139068
1985229636
1976938036
1969006380
1968845300
1955631644
1948017934
1946470080
1990540408
1926886878
1921988824
1914057327
1906937033
1904716848
1892673612
1884959750
1880486427
1871190123
1863725938
1859399248
1850623692
1842911913
1838232018
1830063245
1822012246
1817432821
1809062686
1800835135
1795881876
1790530484
1783021508
1775230448
1766944154
1758782502
1753905936
1746018726
1740674936
1733518174
1727964694
1718407292
1712236944
1878335126
1696117866
1742645272
1683021076
1674392750
1669952252
1666978186
1653756254
1651911367
1640823124
1639673528
1630000714
1633570512
1627713478
1612161370
1607404486
1598738540
1590485854
1584662804
1578143998
1573289634
1653860452
1556888652
1555590665
1544196234
1536019912
1530897188
1524968087
1522509964
1507104186
1501600241
1497106116
1486102781
1481072030
1476408356
1464795152
1460010862
1454945616
1444117578
1442257680
1431079760
1422913813
1422339256
1409826094
1401537165
1397461428
1389171228
1380922940
1380261868
1368112659
1360351090
1358227640
1349927968
1346224420
1335681062
1333581158
1318211742
1316664069
1305142102
1373743666
1390516963
1286932724
1276745092
1271753352
1262869192
1254787700
1250236240
1244020850
1234026973
1229234051
1225399666
1212685520
1208452602
1200381537
1191134526
1187270516
1179095055
1170978260
1166489740
1158768498
1149947170
1166938952
1140029300
1133373344
1124177939
1119110381
1107628018
1106275514
1097971444
1131346744
1082330960
1073756624
1065545779
1063171449
1055924257
1047577658
1040183606
1033600328
1026756326
1022005394
1010919688
1005145030
997506520
1098731034
982472310
977066620
972359250
960975504
956279056
957830460
939951506
938714876
930912490
919117623
913527882
905897674
897550549
896938209
886787704
898109584
915681102
864093470
855846788
850769030
842628276
836011314
829796608
821730187
813980302
809321296
803793858
792507864
788136668
780080232
772023678
770666344
758502618
754251880
817816608
741853572
734406286
726578680
722138728
712918952
707984282
703222594
697695280
757797196
1270777556
681753997
666860700
675209546
693037476
649382753
640814496
632984799
625669350
620158525
615942606
618211804
602958476
597950405
612932340
625979552
578222098
569923786
561987968
562015398
572105230
545486774
535689880
528028678
523941028
515346762
507320278
498575494
497898098
485762056
478050724
472835642
465182764
2557119918
2555202284
2554898722
2535749943
2530963574
2523290328
2668804831
2586939766
2516410300
2497220337
2702286056
2481107412
2472520140
2468028626
2468765776
2452092024
2450936228
2438869445
2439561346
2426289386
2417423280
2409439350
2415709134
2397162232
2388961862
2384480638
2384518068
2367592536
2363434242
2355304035
2358734940
2342302760
2333399520
2328860336
2327363402
2312785260
2303561330
2307255180
2301163290
2283550774
2279385252
2270934685
2271184728
2257753448
2252297324
2241369498
2244293216
2228533552
2220841256
2286570726
2219815056
2199910598
2195025730
2186904147
2187047400
2178879938
2165903596
2157007780
2166171728
2183345057
2147977526
2136249882
2130613936
2123763715
2116938842
2112705706
2109457898
2101507726
2098332568
2093141045
2088117180
2085561708
2075489464
2070428890
2066068991
2056910356
2052001200
2046561248
2039309776
2031610841
2030843635
2018492494
2011522344
2006211074
1997990770
1989620464
1985208992
1976165922
1969400924
1963788508
1955903058
1948726994
2135006088
1961036775
1926081953
1924239023
1913376067
1905482617
1901199180
1892059386
1884879774
1880529054
1869930241
1863953242
1859650843
1851056280
1842805418
1838418278
1829798380
1825123224
1816988187
1808848874
1800959168
1795430477
1787317090
1779403660
1781884352
1766544704
1758485672
1754214943
1745964826
1737920232
1732688277
1724450263
1716964812
1711608512
1703186406
1695283154
1693071706
1682776074
1675049516
1670115466
1661808314
1653521120
1649173833
1718221418
1633071664
1629248413
1624543200
1643728170
1610841250
1605829859
1598865899
1591004828
1587808416
1577539032
1569805534
1565410992
1556525834
1548441570
1544271250
1535792984
1603801128
1523086996
1514572238
1506659892
1502380478
1497370742
1485359525
1481014764
1472505336
1465008517
1459934332
1451999762
1443901836
1438504326
1430948958
1422889149
1417596554
1410236908
1401491780
1397547194
1388825338
1380288001
1376504315
1367786600
1360405444
1355143606
1346803482
1344941628
1334187546
1325826646
1317791516
1317850761
1304897616
1296585710
1291729445
1283989786
1275460126
1271045300
1262741877
1254288830
1249940230
1241914634
1232797976
1229156672
1221204878
1212622306
1206996030
1199399612
1198523022
1187287366
1178350705
1170677822
1159526691
1157523062
1149845518
1145075878
1136263064
1128552178
1124057362
1115571332
1107976860
1104823990
1100315936
1095600182
