1977289754
1935930834
1982478900
1947735744
1948879052
1925715706
1938224517
1934063288
1938569028
1982709762
1933981429
1935828788
1979440176
1994218232
1907451770
1971641652
1974718972
1940833812
1976429501
1906173896
1920841593
2025160373
1908784249
1991361304
1946200728
1970144050
1927806076
1937589535
1909228120
1916080853
1908928212
1965183616
1922952512
1904474116
1912164173
1948861272
2026994267
1919515536
1912198597
1921130621
1922846147
1897929608
1917500333
1917295120
1911150599
1913588093
1901609083
2001701663
1908543232
1924291552
1945781595
1911075728
1899809372
1902541248
1988624588
1901060219
1912105592
1899810808
1905426408
1927196776
1901719096
1898818802
1915897979
1913971123
1898970248
1985868665
1950539383
1959918657
1972871703
1983565589
1967871208
1921063720
1897328472
1923899040
1894939192
1898768260
1897350085
1896661944
1919510625
1897570008
1911677368
1900553533
1896557642
1907893416
1896504412
1896662568
1937289783
1895203680
1895657436
1900864428
1898611044
1897993764
1897065706
1894401821
1904901579
1898328701
1900791762
1900191096
1906200327
1972226108
1985676885
1915510551
1899768873
1913834312
1894271057
1900427382
1901338840
1921350216
1902370975
1917610213
1920281387
1909130388
1904320736
1922757927
1925449827
1924365749
1981985923
1896597344
1920833441
1896361433
1965625755
1952876532
1924892028
1894177207
1893532616
1894935582
1904851926
1906925337
1893787483
1906066810
1895127612
2044350360
1898668571
1896228775
1893932845
1910383912
1893683280
1893710784
1975689265
1896593257
1908371456
1913296792
1893810131
1895632415
1907031145
1907443992
1893571268
1916809883
1974095162
1894363460
1949049174
1893615671
1967995587
1924645777
1931544657
1995114376
1894724589
1971604169
1900034626
1905476653
1954396832
1894882525
1917738656
1914906448
1892531392
1895681905
1896554914
1901989366
1977876803
1907030837
1893050516
1960918805
1903973356
1896406204
1985870670
1905136340
1906933227
1974939568
1897842284
1892891832
1948352726
1957165965
1897007196
1891955766
1909828156
1943765630
1894545324
1892402252
1895027424
1891842048
1898196604
1891193436
1896177225
1893211964
1892244856
1903685316
1905026648
1901242864
1894553304
1898677484
1934209177
1891981420
1892321132
1934393312
1891210954
1972386248
1892762795
1892956985
1892869164
1903912037
1971757752
1894016696
1896584868
1943427652
1906527988
2002147368
1962507772
1892954200
1894926715
1900002457
1895090441
1906859364
1971458144
1894813184
1895383496
1891765520
1891766939
1889745684
1894026209
1895139775
1899108283
1891866756
1892279069
1892382237
1892509555
1897977652
1896664544
1891207696
1895067000
1965041985
1902072031
1928780841
1897948848
1894334872
1934492120
1891127268
1916800950
1897370502
2031442165
1895433608
1912850748
1893149934
1893103740
1890198722
1925719816
1891482576
1890865545
1893589424
1890539589
1998966192
1898712020
1891168508
1958302871
1892309061
1890641938
1890673945
1890415924
1897497380
1914767778
1904156084
1913816878
2002954420
2010397823
1891877339
1888160836
1893085216
1892613692
1892175432
1912823306
1901719945
1890256910
1953393339
1915648957
1891175545
1920688964
1906195631
1891548717
1888917524
1901594445
1890992338
1961369449
1891862809
1896506115
1891152835
1921710511
1894173832
1891202415
1893365448
1888875040
1891092388
1891441212
1906341077
1917422673
1906445873
1902049787
1897006008
1909835224
1889156468
1905972746
1897884066
1889134275
1891246942
1942622439
1897208704
1891137328
1901860364
1890276460
1892705550
1938770783
1928020003
1893523906
1893533058
1889874024
1898391915
1891807024
1888598495
1889098682
1889138820
1889837552
1897913208
1890356132
1888280486
1895748215
1890270951
1889885007
1891949022
1888105747
1893406528
1974251281
1893158253
1908937164
1955139540
1889543754
1891592636
1905447952
1892001436
1890496514
1890895976
1890594080
1906436552
1914100116
1890358608
1895420439
1891451599
1889919243
1888883216
1891553008
1889485496
1897264443
1940055326
1890428960
1904464214
1890318752
1894007163
1938852127
1895420370
1930475288
1922264913
1915397452
1907619107
1891739943
1891022578
1891083442
1894005132
1904606774
1895730422
1890588607
1888904369
1889505944
1928132464
1890700274
1890579288
1889786796
1889898294
1892054808
1891231616
1889647026
1890558049
1896275880
1897875587
1960679756
1923649229
1907634532
1892577519
1966906046
1891242151
1890536500
1899347272
1888887390
1891320394
1890545169
1892497545
1889154955
1889188043
1890327132
1891601044
1916614268
1889924208
1890318089
1925108311
1917956275
1892147396
1889379706
1919936329
1904044872
1891882000
1889319564
1893114107
1890868520
1899034208
1891431933
1889505110
1953711376
1892608812
1891454054
1890523244
1891608991
1910625010
1891378331
1899267073
1889708104
1902492171
1889390480
1896327009
1908727220
1889626442
1889810920
1888539214
1891222161
1899614503
1891967476
1892086292
1890788140
1891925972
1888251242
1921187422
1891379889
1889483133
1889858011
1891578062
1888399717
1889360453
1889282168
1890587912
1906378908
1904863901
1893708613
1889932960
1890790371
1895749349
1889695277
1890399944
1891656928
1890157732
1888914296
1894647324
1915602882
1890466149
1891985512
1889327859
1891501625
1890182614
1888290554
1890599495
1891246265
1889604372
1891576759
1888662558
1928343978
1964056815
1892098579
1889130196
1890377333
1888825612
1889778350
1891609869
1939342749
1889578899
1959779506
1911528208
1907786311
1895554725
1891858045
1927936024
1945644979
1912899947
1939141315
1915975053
1891649064
1889767744
1891724277
1888238283
1888731314
1892079825
1891958116
1891353144
1890000720
1893808641
1890508607
1925712708
1966256890
1892411992
1906910721
1940161988
1899851087
1889432487
1933408802
1891309201
1892590924
1890433387
1888471188
1888978364
1910179936
1892708968
1889920468
1890090576
1916641550
1917750192
1894794464
1889197042
1890562296
1888646088
1889297866
1890677324
1888935631
1890692561
1969067842
1972887173
1919237751
1893348536
1895586432
1888392936
1888501236
1892605396
1888739148
1888011055
1888079516
1912677640
1888900823
1889244816
1890071055
1889408591
1887320698
1887789571
1888545416
1888640838
1898734392
1887466969
1888076643
1909996480
1889676516
1893657141
1887571538
1907372221
1889689931
1963335776
1890348177
1891615640
1887678212
1915531936
1889984624
1887881558
1888301520
1886531804
1888961780
1893743721
1903995300
1893771575
1889449689
1954377535
1894552652
1887889028
1887463156
1893216154
1888631852
1887963568
1888156232
1890128361
1888783300
1905625336
1889060062
1924945447
1889668692
1888589068
1887495364
1887439628
1897372676
1888322891
1888573347
1890021261
1888075900
1888849761
1894041320
1887461909
1887283818
1887785548
1923538372
1892146599
1909568947
1887848784
1889418624
1938034809
1888528792
1889669882
1888726381
1888797737
1895410748
1887414960
1889039868
1954425187
1890023986
1911829646
1905404273
1887540711
1927244744
1925136648
1888372494
1892670497
1893340355
1890374949
1889727863
1886769864
1886476827
1887805299
1887737934
1892124034
1895221879
1887736444
1964472020
1964582820
1896979140
1892023642
1887101304
1887263966
1887730375
1888867673
1926753892
1888682987
1888635011
1886334554
1887374912
1889856740
1888730820
1937777050
1889387851
1912523150
1959701819
1890562811
1889095528
1889291632
1961122188
1887573108
1888532254
1889588331
1902954404
1889948520
1912540572
1887744993
1889168936
1889162288
1906157508
1897316814
1897206444
1968087461
1889382898
1888170072
1888969726
1887122868
1888339891
1887893914
1888710529
1891649836
1887347956
1887579440
1885902443
1888391712
1889458356
1889130330
1888668894
2008334844
1888442053
1889575159
1887725604
1888805740
1895366869
1888289808
1889615148
1899522698
1888797502
1886931096
1887207625
1888511634
1887779514
1889310980
1888170749
1888502843
1889197652
1888891797
1888529153
1888278363
1903087576
1888735581
1888325132
1888778652
1888374496
1888754088
1888107680
1888506352
1888607516
1888946323
1888782651
1886622585
1887581244
1888406763
1888636226
1903940832
1887691000
1887854237
1888243356
1888479940
1888224232
1888681271
1886680126
1891664756
1959677264
1889104154
1888375898
1889468466
1887854000
1888390254
1899285289
1888206039
1889401930
1887956536
1906433596
1888005712
1933512166
1907892880
1888442924
1917391358
1901725587
1963453772
1957900517
1912976470
1903456052
1889308236
1886611689
1893935321
1888865767
1894175039
1886591809
1887007349
1890046168
1887600981
1943913657
1886299058
1888219606
1888539372
1887182452
1901749894
1886394593
1945256131
1936584828
1969142656
1889619913
1886513265
1888303075
1886580958
1891742676
1889635312
1888771000
1887659748
1910946112
1888190919
1887855048
1888134600
1886553720
1886481468
1887186644
1907298616
1910445949
1887867948
1889909972
1887138506
1888714811
1887538173
1887605436
1887118300
1887082696
1887637461
1890182805
1886532146
1905091537
1889972440
1887397851
1887795944
1886007771
1886571790
1922223000
1888030309
1888691820
1887525716
1886873387
1887497416
1887547863
1982668079
1887383291
1887367536
1887667688
1887738586
1888712946
1905921819
1888115349
1889223187
1888244984
1888544607
1887174721
1888227332
1899108989
1888168991
1888566736
1887428497
1888433128
1886314719
1890852441
1889084652
1897453796
1888568590
1925227705
1889159669
1889708945
1887542092
1888100301
1889833181
1887025306
1889011852
1891574035
1897307004
1888068564
1888612145
1889267970
1889152097
1889471641
1902029927
1888514321
1889463757
1887828371
1888134165
1946485155
1896208029
1915039943
1890479789
1978514165
1918441416
1890481761
1976103572
1891014593
1889316161
1888253416
1902123667
1890494658
1887789329
1888667396
1890019950
1893623092
1909879466
1889481266
1940251934
1906845020
1971111875
1904558189
1928568356
1894197824
1888416571
1888928265
1888702812
1906454068
1887860352
1896521311
1886987977
1888991512
1891795355
1889549384
1888122669
1908240521
1887009644
1898526868
1899055676
1889804166
1888688392
1889766940
1887618499
1896273836
1931883817
1889088872
1892260688
1889371220
1888047740
1912470127
1888028784
1888737456
1887692364
1888519604
1888889707
1889820175
1887778596
1887818955
1886273403
1895429471
1901202162
1891142345
1889582712
1889228566
1888883408
1888192827
1897535013
1888583423
1890332695
1887299200
1887575409
1898091740
1886520857
1889477684
1889699037
1887879272
1899412748
1889721960
1887746684
1887735915
1888812596
1900565580
1888889656
1889261867
1889157181
1888197766
1905706755
1888799616
1889679910
1887594245
1888282248
1907002963
1887484260
1891197051
1890811130
1888270630
1898864588
1887535432
1887628719
1887442036
1889016721
1898890146
1890188556
1888498084
1887926354
1888411776
1898078004
1889828595
1889688768
1887637306
1887661974
1899417066
1887823119
1889034504
1887667211
1888253765
1907331172
1888871954
1896669976
1890352664
1889638392
1898925938
1888672802
1887970934
1889830404
1959196649
1898966185
1898967232
1889693972
1888392116
1896697268
1911932723
1890769467
1890463684
1891368763
1898355285
1888823472
1887805151
1888861301
1886418915
1888865836
1890095553
1887956288
1908054328
1899001840
1887421905
1961854548
1934412961
1890781916
1946643200
1898318341
1890651586
1893915852
1904414386
1888636865
1887659478
1929767880
1888029988
1888761288
1889717087
1948397776
1889439936
1912179409
1888352788
1887680448
1888988438
1888690802
1886880764
1887349522
1887592948
1888218388
1920450328
1888773176
1946495308
1887724699
1901651732
1887743854
1885507108
1887942993
1897842315
1887118163
1886824359
1941681032
1902867155
1896286833
1888579549
1889428922
1903079075
1887806000
1892857503
1887776416
1905226516
1890393108
1887211913
1911896584
1902119942
1888385868
1889104097
1887453464
2096142041
1887784260
1888416336
1892601732
1900610601
1889021681
1887659376
1887761804
1900284700
1887539460
1888684288
1887292700
1898944284
1886419024
1888314316
1922368868
1901204956
1886544833
1886598027
1888574268
1896104953
1888117536
1887732001
1886592100
1902904963
1887652846
1901760668
1886688389
1920862584
1890280599
1887801446
1888053707
1896833335
1891111483
1886099940
1896628117
1897295406
1887652814
1888133740
1888546478
1912358237
1888005273
1887435216
1888203356
1898108256
1885606736
1887894819
1888092578
1895459776
1886997956
1886591368
1888444593
1896758557
1886199670
1888186768
1887476868
1896045882
1887986992
1885644646
1888662384
1897777761
1887311872
1888372221
1885445333
1896673912
1889224732
1886418280
1886668151
1897622312
1887731464
1887993358
1887930996
1895444800
1887535528
1887482844
1935656953
1912441576
1889547060
1935418874
1890043696
1896372887
1887597687
1886852332
1887605696
1897331666
1887486192
1886975232
1888850800
1897349032
1888580776
1885317280
1885706392
1897252134
1887081547
1887409655
1887215976
1894399781
1888333032
1886796400
1887038893
1896032449
1888379412
1887490182
1887263296
1896492671
1888061692
1888641126
1887561880
1896322808
1885745928
1885973892
1888675464
1895224931
1887457043
1887236107
1889098852
1897167852
1886373086
1886232884
1887268108
1898850901
1888378364
1889348964
1885979020
1897628876
1887120264
1888429776
1887882948
1912634744
1891857429
1886587835
1888182428
1896338493
1887716088
1888127200
1888746468
1896100871
1887598724
1887428216
1885731807
1897778676
1888942265
1889270296
1886691323
1897264876
1888209290
1888267877
1886614062
1895801869
1887129236
1887083051
1887827741
1897847497
1892546889
1885332966
1888218894
1897194949
1886488940
1888363012
1889087344
1897918639
1886891190
1887425116
1885108228
1898067144
1888916426
1887616579
1887967861
1896536084
1892076309
1888343746
1886640210
1895869788
1889110876
1887782635
1888307895
1895606177
1887649156
1889235861
1889039336
1897462648
1888614829
1887381672
1888572792
1897356591
1887848242
1886590243
1887309340
1899959970
1887371944
1887475196
1889066846
1896234980
1888832884
1887676388
1887155092
1895707325
1887646104
1912796488
1965108513
1896168325
1898360015
1893737747
1886825348
1934272236
1971929012
1954649622
1919761356
1896503804
1889164840
1887320054
1920190472
1897075688
1887928635
1956076420
1887365708
1896485467
1887364016
1960677485
1885748723
1896960215
1886689734
1887808668
1887006992
1902297556
1898389384
1886274071
1886373953
1899158074
1886842641
1887401491
1888475952
1896921140
1901057041
1888689856
1886167383
1896061718
1893632916
1892765280
1889943687
1901352710
1886975836
1888676763
1886727022
1896769216
1899879536
1919145592
1889309347
1896205332
1888738936
1886410731
1913763888
1905062638
1887944632
1888603240
1887808136
1895340582
1888459681
1888314772
1887095068
1896717116
1888743916
1888889152
1888296856
1898393243
1888697868
1886657445
1966347460
1916753834
1908929988
1890441792
1897540376
1980276168
1892524922
1958521188
1890167172
1896256311
1887561264
1888542504
1885871037
1908071358
1889259556
1887157988
1888454541
1915678964
1889405183
1887951772
1889191912
1904166175
1888762819
1886278357
1888108344
1897868727
1889591713
1889579528
1888510900
1896843675
1887671992
1889111209
1886436153
1931429620
1893011880
1899232572
1976236227
1898900768
1886310579
1890419776
1945361584
1897680899
1887576672
1888838510
1886331767
1897662934
1887212148
1891493769
1894998150
1924732220
1886819200
1891080034
1888492037
1898641156
1896747383
1886613944
1887906208
1895587712
1894072756
1889358240
1887172615
1907562060
1889229776
1886560116
1886940718
1974404932
1887391984
1971166387
1890523115
1899101100
1888356576
1886596847
1888486624
1900183450
1888178112
1888934484
1887454104
1899240350
1888959827
1886732675
1887055933
1895111691
1888336061
1889797142
1888769784
1896872249
1888298397
1886683622
1888687004
1897797636
1888515884
1886559077
1887344518
1897194266
1886001388
1886311860
1890355314
1907909923
1888665605
1888592875
1886232954
1896952295
1890716972
1889035442
1889034885
1896756598
1891011773
1887288938
1885847472
1897889852
1888437688
1887885136
1887691329
1895529422
1888463908
1889175924
1887081686
1909576109
1886314844
1886522752
1886827272
1897399303
1887779792
1888929479
1886368920
1897012403
1889227353
1886835824
1886916628
1898224213
1888315004
1888129924
1886850077
1897424307
1889231004
1885703004
1888430780
1900208296
1887857077
1903668296
1886463525
1898163200
1889232668
1914295616
1888799858
1897182225
1886965464
1886744684
1887838109
1902271374
1888804320
1886324149
1904730827
1920621331
1886967375
1886948648
1889186878
1896875004
1888324944
1886158468
1888223433
1899140088
1886827153
1888525503
1887805572
1895384242
1888538141
1886797314
1888290552
1897959561
1886472508
1886656804
1887036483
1897961124
1889250837
1888188696
1887033840
1896260156
1888767692
1886437700
1886178738
1895645479
1887022641
1886713636
1889738081
1895669436
1887983444
1888112037
1889399016
1897354108
1885199719
1888042308
1888168713
1897785830
1887528476
1885819299
1889129528
1896882060
1887615719
1888790437
1893275905
1897054870
1886855342
1887107762
1886009248
1895623704
1888621581
1886802984
1887219755
1902084598
1888385686
1888374616
1887101940
1897528432
1885847396
1885714551
1888256327
1896248446
1887688608
1890731761
1886198320
1897967296
1887438422
1885977680
1889004760
1896798758
1887505562
1885310508
1888513977
1899501036
1886594484
1886056008
1886472440
1897937596
1888500840
1928258808
1887797065
1898197988
1886883455
1914943524
1887134851
1894034666
1887552601
1887432545
1885523669
1895532048
1887557117
1886298784
1886817541
1894797828
1887582600
1889968800
1886608379
1897172514
1885039046
1887588072
1887982580
1896015312
1898012398
1888731446
1886751862
2002722330
1887499760
1886381532
1886764880
1901854859
1900462812
1886790327
1885256067
1898215080
1886651348
1886794524
1890383712
1906298785
1888835342
1887226082
1886385696
1897722115
1885239810
1887426174
1885554940
1902705431
1886631028
1886692206
1892988016
1913607570
1887310006
1963779856
1886074324
1896182110
1888768193
1885420055
1993595089
1898444087
1993041249
1887971523
1887920616
1895920172
1886331219
1886787324
1886946577
1895050951
1887931720
1888492528
1888399908
1902268969
1887760280
1887739686
1888548273
1895832488
1886889596
1884722772
1887136031
1898578579
1886544576
1893199192
1886259579
1897006009
1887462534
1885570344
1887627742
1897569185
1886856072
1922922272
1913510120
1897447005
1890158921
1885927564
1886188672
1896156964
1887211669
1887351696
1888114231
1896474076
1886813779
1888152947
1888535064
1895108697
1886292510
1888501798
1886386091
1896503758
1885282450
1885485434
1889382412
1895794044
1887376541
1887304649
1887643851
1897655876
1887286044
1887358930
1884635890
1898087744
1893432028
1887829015
1889890596
1896192858
1886486795
1935666433
1886877808
1897762780
1887507739
1888569011
1951734938
1897683435
1888249253
1886078212
1885953668
1896726593
1887541235
1916602916
1886090658
1961161988
1886995476
1887139016
1887571298
1896556831
1886583001
1886064964
1886258569
1902540075
1886591226
1927505220
1887981515
1897848492
1886615659
1886651015
1886271128
1902977707
1928189291
1886103772
1887571701
1896970620
1886376604
1926326465
1886262472
1897210220
1885902725
1963566006
1887369178
1895831255
1887688779
1914966843
1887987328
1894653357
1885916536
1888861596
1959947888
1897290166
1887605771
1885159467
1887619688
1897472456
1887411497
1886957355
1884994048
1897698012
1888144240
2050531390
1888949127
1887031011
1895460188
1888285622
1885134044
1885622703
1885648002
1886718540
1886473887
1885677173
1888156796
1907254715
1892266524
1944989532
1885911256
1887770455
1886642032
1888418078
1885137629
1886269467
1888146798
1886384160
1888743945
1885285480
1893294619
1887522936
1887568100
1888047292
1886249866
2005113764
1961922320
1962744620
1905710128
1886340926
1885979492
1886894444
1889015633
1885436582
1885391551
1888305474
1886026137
1886478184
1886219304
1887988510
1887687330
1885915128
1885839008
1888850813
1887933963
1885182948
1885231010
1886403508
1887688439
1886826804
1887210171
1887729391
1885586315
1887513713
1887632728
1887895157
1888045053
1887767613
1886859620
1887391024
1887475953
1887977375
1886776669
1887999600
1889294995
1892279376
1904555371
1891758819
1898902416
1960950342
1886738047
1887009000
1887773642
1887576396
1888665841
1888933508
1888086641
1888842388
1908699253
1888919455
1885334179
1887438296
1889353444
1886769405
1886786728
1886034956
1887958939
1886844639
1897597476
1888188508
1887999083
1886543727
1889189252
1885611688
1887746332
1939234646
1888645392
1886564059
1887730596
1886683288
1887003115
1889996340
1887583097
1888529944
1888041629
1888253482
1890337499
1886316032
1886773346
1886600100
1929378136
1961653836
1887414627
1888778674
1903787107
1887678749
1891071944
1886520961
1886518612
1887716358
1887857596
1886247209
1888122199
1886630175
1919089167
1887167011
1887242428
1887074272
1886832810
1887184948
1885794812
1888687374
1886835357
1886903561
1887298720
1886274940
1888191047
1884949836
1887987320
1887133481
1887648660
1886728972
1888459466
1885957069
1886684510
1887552612
1888726822
1887360004
1887193906
1887665010
1887429437
1886192534
1886367109
1887542159
1887593091
1888260205
1943382353
1887926230
1887461140
1886874097
1886384688
1885650060
1887878638
1890001491
1886569744
1886480447
1887326806
1885448089
1913747768
1888352428
1888650158
1889456296
1885588265
1889267669
1886421480
1886955147
1887235944
1885239162
1885602604
1889415712
1887198883
1887584945
1886447421
1886995726
1886793626
1886894457
1887964768
1888190393
1886998222
1888960217
1885285604
1886191944
1888179444
1886397659
1887909172
1891016496
1888041532
1887286768
1887543364
1888706580
1887199341
1886588448
1884750512
1887794472
1887939082
1886806203
1887246444
1888176420
1885874636
1886652270
1887068519
1887860588
1887710849
1886383512
1888145334
1886272914
1888062548
1886550905
1888612840
1887112716
1886956019
1887556260
1889122059
1887664391
1886958618
1887202316
1887973563
1887323664
1887277874
1887435815
1887146768
1887644584
1884571901
1887450586
1888152190
1886416587
1886687208
1885171627
1885184197
1886416019
1886013527
1886498009
1884933761
1893220123
1888201980
1885908518
1886379572
1886124407
1885297049
1885689826
1887179629
