2170011218
2139234536
2126686200
2150848600
2125127720
2124144440
2126930056
2103029890
2115221864
2110649982
2099499818
2078466460
2080876318
2056323098
2060781128
2081489324
2049159918
2028250544
2055530094
2051968442
2027293148
2034507664
2000780440
2006496401
2027822228
1998547841
1987347581
2013730821
1977525094
1965868802
1991738098
1949022854
1955023542
1956830864
1945841390
1929169097
1937921182
1907239082
1917204724
1912506948
1921589370
1886751604
1908927689
1893221424
1882683056
1878405830
1870013752
1859288058
1857085425
1829783104
1840744640
1856572498
1827564244
1822326400
1834646150
1810887455
1804800600
1802363026
1790269512
1771443371
1787817950
1769618018
1767198200
1769855208
1748208653
1731765777
1756580471
1727158056
1725712566
1749096400
1712416857
1704187520
1705688358
1710461028
1673219029
1689624960
1680185048
1671221554
1677690675
1657471816
1649366018
1666408856
1621418560
1628718782
1637722002
1616573474
1601151060
1605581278
1578071677
1583387945
1581613146
1577098068
1579251348
1580761026
1557079710
1556091510
1559875101
1536337952
1517122160
1538771784
1514944250
1513111534
1517489194
1498997654
1484119064
1490976300
1478500046
1466840920
1491522338
1460678300
1467202244
1470093718
1439186438
1435817454
1433909450
1418259818
1425523926
1410376956
1400305732
1390048262
1410381764
1371997916
1356810748
1369908838
1363776680
1370663256
1362418162
1357761138
1335147954
1333238089
1322432227
1307327489
1332363360
1317818362
1312388908
1313256850
1286117642
1284223853
1285481851
1258350802
1281984030
1287304982
1250586454
1250147229
1268384047
1241219679
1234735588
1229563977
1234183455
1214894828
1229880550
1202910842
1203603063
1200329406
1177057982
1179309831
1197183581
1182774754
1160355246
1176066678
1147734816
1137964444
1153433350
1124005620
1115984830
1118728090
1107702130
1095474686
1119304530
1088622482
1067524382
1090586634
1066945504
1057728728
1075707894
1047700236
1055429906
1059616293
1027788089
1038170218
1032751992
1009553854
999352134
1015989720
986855223
982007413
984726706
948317798
944796799
969384246
959115969
921625957
941940074
925142514
916798153
928426484
909009353
901561518
894241290
883419736
877512370
878702888
864748932
867452546
877566885
849683812
842620018
846104070
830254829
822543620
842866218
809597046
802113517
822243690
792151832
781333075
801285728
769892122
762142098
761425752
747354212
757105882
762660854
733315362
725665282
738537689
712637122
719704662
703010561
685897610
683730858
701697750
676024870
669098882
682614832
670075017
665439622
652042598
639720946
647748728
649089760
616207262
613536234
624236944
620086736
590178996
612944950
586428760
579318410
607439728
560348846
562846058
573660556
543314032
543918223
553168033
518121288
527008226
537586356
530386524
501187530
531221632
495228482
2580282953
2587985410
2567721084
2559512216
2586258264
2539657334
2539665573
2554989934
2517959852
2526941048
2528507146
2524672130
2499940451
2508854340
2491910034
2475694831
2496410992
2470999708
2463418714
2497356278
2450015596
2441263018
2453833190
2435133898
2428170194
2449001048
2410930512
2407569632
2420493038
2391223776
2386399816
2399800102
2369957970
2357278406
2386804268
2361867132
2355280948
2363560686
2337572928
2330226726
2348814788
2311348176
2306263210
2322607522
2295701022
2292531186
2310015754
2275584006
2265601050
2269754736
2242177332
2235863690
2260668860
2231226404
2223246385
2230518833
2245674702
2192030936
2208739858
2179507742
2182742479
2209000465
2194071566
2174263146
2179931520
2146349136
2136713334
2169611100
2135687834
2121959025
2146769074
2112428848
2101440103
2118035223
2102145109
2086464012
2101972662
2076214948
2055931129
2079888236
2061418960
2059970234
2063782830
2045359644
2060098649
2050753434
2021970836
2019090708
2029831362
1998248726
1978209620
2010843688
1992814664
1973267098
1979313518
1939773624
1938173324
1949245194
1935638172
1930766934
1937792354
1919405810
1914356290
1917859714
1913273818
1892377956
1903115956
1881722480
1887697059
1896034213
1861896999
1837167209
1867918024
1842729500
1815834556
1841188872
1817202324
1809330648
1810706422
1804616294
1803171588
1805524142
1790294788
1782797088
1788050632
1761669630
1746504544
1758466926
1734649960
1718666059
1734495290
1717507116
1704508698
1706578590
1693434990
1699413484
1704700762
1678864324
1678777333
1674590886
1657007390
1651745500
1643376882
1635286148
1613377810
1636045108
1598899334
1611564922
1611096098
1592079314
1594199914
1614822895
1582969370
1592633124
1588058868
1580459010
1558778358
1577792165
1544298554
1530414979
1554918332
1524546083
1530604580
1525484064
1506128028
1498969724
1516377124
1488703170
1484424524
1488670316
1463615754
1464884218
1473136216
1447742832
1433266965
1447381604
1427120925
1419838242
1431933210
1407722519
1414707818
1407466118
1403673017
1382707862
1391734093
1368734522
1357335720
1361573836
1332048770
1342708052
1355099106
1321386343
1336743110
1323855842
1305796608
1301416248
1307241492
1288831576
1283915928
1292671880
1265560278
1267952606
1269271075
1256146992
1257692865
1263507278
1239170478
1229385317
1237530534
1210826270
1209758552
1225355978
1195935204
1188351698
1196162120
1170641010
1186235142
1185624702
1173153088
1153365088
1160744794
1154684934
1133818314
1130610609
1114035722
1150862582
1131444700
1118653385
1097841674
1115561016
1083531192
1089565286
1090615880
1072915602
1056692410
1076665030
1042131046
1041266056
1057860548
1022275208
1026443942
1018911280
1006791362
1001830228
1009686293
996680592
979102744
984572784
965835569
968206538
972303638
949243870
939762708
950694782
928114065
922665772
929311054
907423249
902807878
899390638
889157260
886388966
901545926
873207804
866684920
875047804
852970060
850044766
854597078
825693152
825186096
841169864
824629464
801041240
821890045
773202610
780919154
790400182
756275940
778219648
781995065
758621548
749234504
748831194
738112164
734981464
750828822
718568406
715034526
710578176
697218998
694204933
698870072
676690298
672585177
685972772
654696786
635905570
659806785
636944814
632585758
653410220
621829461
613158278
623129112
584684692
597547042
610459280
582944666
572262048
572383561
564400400
564658286
574998465
544887694
533094963
546752366
516363891
522324164
521516674
507822316
502552242
498399569
2585956372
2572957790
2580091100
2559351930
2555736672
2557370494
2528067226
2534654392
2526841099
2548793016
2505866650
2512047218
2535375428
2496723328
2491664680
407183040
2470733102
2451823741
2486498446
2441410754
2434314556
2464643996
2434461736
2428837916
2443029006
2412481245
2406370680
2421718101
2383557358
2386725744
2399498684
2381239646
2366623360
2383558172
2344269188
2369164728
2364515106
2336588142
2319670164
2357187646
2318975932
2319510404
2313704802
2291412122
2294861070
2297323284
2274146774
2273613496
2307208387
2252258445
2252249074
2271570600
133175212
2247345517
2227621596
2219121290
2241072636
2204015460
2207982790
2201414240
2188420693
2188064404
2186126002
2173986640
2151223528
2161778716
2144766696
2138927828
2134726024
2129511498
2124025578
2123856641
2117601886
2104991642
2100858228
2096882511
2071399461
2082388162
2067584962
2063980924
2065713596
2058034776
2053817432
2041531088
2040630374
2021633197
2034590070
1998282055
2000152392
2000190302
1998733794
1986714000
1980810280
1973539156
1968852874
1943093852
1941404062
1947186485
1935515094
1935516064
1923674802
1914160696
1910357336
1902925468
1893382220
1872409697
1874212742
1872147230
1861741456
1859170005
1836720369
1833031734
1832539732
1830470330
1826850938
1820454759
1812450759
1812879884
1803918882
1790441596
1803725086
1777558806
1763235165
1768071454
1765345684
1749332706
1747509501
1735588306
1719674988
1725979558
1706510114
1712642658
1719638842
1700655536
1696549588
1702238824
1676642977
1665175005
1676813371
1662947704
1651905420
1654665312
1628838704
1641249028
1641953756
1615389819
1629521338
1614123579
1600217008
1601210200
1603625636
1610119800
1588950527
1582144796
1566310122
1572318988
1566849404
1543648770
1543876126
1544746856
1530229166
1532889270
1524128040
1509597753
1496072008
1506668966
1488975760
1492890680
1484020394
1476619206
1469563986
1464993801
1441028386
1451211996
1440938122
1433238862
1448325486
1431149556
1402214562
1396638296
1394327952
1403600495
1422898146
1389228352
1378184306
1382636456
1369684239
1368916344
1353783752
1353195786
1351261274
1339891967
1324056146
1320784766
1304502872
1307241801
1309603282
1301031886
1299610126
1276367038
1276354554
1280248968
1266638706
1257793238
1260065128
1279264129
1261627526
1245560336
1237393756
1230301137
1217985124
1219528520
1209175578
1214850165
1184158598
1190094154
1202814590
1166068228
1168761304
1167728738
1151017248
1151036706
1146337596
1145940800
1161942730
1137146575
1120750776
1120281358
1106249820
1098855180
1089254960
1090923646
1067935970
1074491676
1069693588
1069537091
1059829292
1051841664
1040652202
1041505651
1028594668
1013473193
1017768288
1015159102
1010498984
1075810539
992282274
990720858
980136012
977655966
963166680
958659638
951639204
950985222
940665004
947814742
923869593
921912804
938517115
914800306
910345842
906776948
884740520
892989861
877743402
883341098
887711094
875183136
862537405
862770284
845788732
858263426
840903204
824460221
818119573
821890443
792966200
805482498
793007629
793967103
801732214
784561034
760652601
761428070
760821712
756576590
745393358
727723406
741796827
732833568
712665154
712165128
717386570
719729908
681318604
677051697
669683604
676668428
673433312
657763686
641523968
643331912
636961634
620489738
646048522
610823768
598050560
601950986
584268534
576574222
572049896
564672338
570621172
559826272
553401662
543668946
548346612
539993212
530693484
531501588
522855334
509115030
501340872
502883684
494762988
2571890090
2606942162
2574718192
2561794650
2587586526
2553395550
2555545168
2564425600
2532787478
2522813688
2542489302
2516550987
2511828756
2517685746
2506073469
2501908730
2495598750
2467484340
2470643168
2482958633
2454944043
2442150898
2474536586
2442765573
2428829349
2434625768
2425812944
2405093816
2436317654
2399596158
2392648378
2416215930
2385078076
2365631098
2396347350
2357613660
2339493760
2377024035
2330221058
2337761032
2348721334
2322459420
2307183360
225534366
2287979501
2271493402
2313373613
2268494629
2272148629
2287827120
2258181912
2236720926
2251798494
2231397648
2223948365
2232100638
2199761543
2191703544
2219180434
2179092412
2181132580
2190093902
2162702058
2164250202
2180880464
2165191428
2143310782
2152551964
2133807818
2124707119
2139568878
2104455794
2116290974
2122604826
2085994514
2110439942
2107345631
2075190350
2077399480
2090166611
2046172692
2056846277
2064086848
2055047714
2029897068
2053208016
2013386494
2014431666
2022484248
2013593076
1987453852
1991592394
1972298238
1974098402
1979750906
1956679802
1952838322
1958749442
1937832544
1923729378
1937856277
1908847731
1917106174
1928735715
1894315240
1883123472
1896891405
1876009884
1886507236
1888642668
1862715915
1856149614
1856450448
1849810763
1835130293
1837012102
1833433062
1807024146
1835528630
1820262730
1801616778
1814089706
1789883962
1782700034
1790044370
1771219380
1765023860
1760489114
1761261862
1742508379
1748252913
1725210579
1714604808
1727853724
1688335161
1699786474
1709478451
1683808440
1680176654
1696745302
1681223460
1661743589
1672245322
1645207260
1641770264
1652389908
1643437358
1624214830
1630649853
1601414794
1599478364
1609730908
1572069788
1576212986
1592279462
1574936138
1571548252
1581654902
1567402419
1546852894
1553658732
1525481109
1528491612
1534531366
1508428768
1503693556
1523337302
1509499370
1476412856
1511690660
1485358122
1468997092
1476115092
1454615472
1467061358
1462846434
1440722620
1416915452
1441916465
1433431090
1411229632
1411965589
1400925650
1400351210
1395842738
1385266286
1382850032
1379417652
1354840656
1363717804
1376935078
1354739898
1328690456
1340654406
1327331708
1322705800
1328264794
1307112254
1318024716
1313373768
1299531112
1285290982
1294920401
1289640393
1266586882
1283009158
1259815250
1250086048
1259058976
1241217330
1235175916
1238457313
1220842006
1213631937
1233479609
1202935459
1211203772
1206276269
1184050686
1175149717
1186111464
1162048786
1158586920
1167984796
1145106254
1141624562
1148206264
1124387536
1117535004
1127497638
1104357808
1110281778
1112811530
1082337406
1089647402
1085346897
1066776784
1072913024
1067941112
1048742894
1044952604
1079143652
1027962326
1004246012
1036699860
1008930668
1004622472
1009178958
992278624
983842948
984175385
973672328
979456092
1000465042
966383445
947272782
966940871
939793742
951722934
958039448
909146026
906985206
926742046
893706339
885786901
887755532
887220292
879544538
875649934
855772972
850802901
856938746
836899814
835073046
845081704
821398946
816031193
819770129
815532708
795792056
815880150
786807398
775770080
783245854
765389023
751524356
766889386
750958290
738682528
769388078
726862918
732770388
737933670
708537874
699001780
716533672
687079606
690595384
687292018
666705854
654510766
674443272
644048244
637164914
648805266
631522478
620940126
634759593
607938012
603425688
615161752
602971500
581074806
577482586
565760060
561952696
570655758
548768692
537963870
543131228
525917772
516943838
522771247
502223940
496420250
2601592723
2566885110
2567777357
2580664477
2554896968
2552328212
2568831690
2534313788
2534937268
2562972094
2526517098
2506346018
2526289293
2502375608
2481035728
2514517903
2475193412
2462622466
2473119088
2461206096
2450696668
2458654866
2423686100
2420805178
2437125758
2416093969
327880626
2399216718
2391496128
2407249552
2368134418
2371376658
2398814358
2346800314
2380236712
2366275942
2343881710
2337913740
2331233912
2311010724
2319519745
2332732240
2322689154
2286093222
2301654834
2279044782
2279849446
2296006482
2271527582
2251530152
2294330846
2250706605
2239344224
2273259192
2223683492
2224413586
2243409624
2192399198
2198812396
2220662332
2190438469
2176379648
2179580410
2151903880
2162062494
2152445412
2159460160
2143761530
2122330516
2127699394
2103389577
2109136431
2086388124
2097658412
2080358557
2075366138
2070783174
2073790256
2062908546
2045881517
2042256786
2040477454
2039633858
2027640082
2019612324
1999551486
2000652022
1983270496
1997514420
1989357480
1981011222
1966592440
1979863968
1950130682
1951897486
1943181020
1950672230
1924393922
1923442920
1918707496
1893287690
1895259214
1908764766
1884479821
1880878550
1866746764
1867925460
1866823813
1878420572
1840553755
1839775504
1834976906
1819387343
1821320030
1804466082
1789943744
1790373092
3337804498
1798798376
1811478808
1782740022
1762758796
1762574736
1738060226
1745791902
1748761000
1740213620
1720852208
1712001060
1698531182
1684840758
1696616222
1708520316
1682731936
1683285524
1677786338
1667274259
1655523948
1639606096
1649435486
1645691014
1641209892
1643737306
1620839846
1631955176
1622730544
1603927974
1597163224
1602657669
1588420248
1566199206
1556056144
1569987608
1557230104
1537696264
1569474242
1536409157
1546826346
1527430764
1519432146
1496539930
1488578568
1509256284
1504491340
1477384044
1484213516
1480744658
1483171626
1475775418
1453558536
1441680658
1454658812
1452433148
1430470052
1412665094
1432188002
1406815890
1396916326
1389319442
1385032780
1372109518
1362245114
1384736674
1361441702
1356246298
1368304854
1327365892
1334168688
1326194465
1321662438
1315855330
1305686590
1315701532
1311490750
1284204900
1309818342
1274026276
1277005376
1273106234
1252423437
1257428008
1252793130
1264689688
1239968384
1229689416
1243593626
1233012027
1229037261
1202195280
1201027590
1190077188
1177818994
1203011844
1172408584
1176666033
1188594840
1161728068
1169947794
1149921224
1154399492
1128912946
1144852038
1158890730
1115988358
1112750406
1118246246
1089470842
1090873462
1082475412
1078920638
1055600002
1056149926
1072780346
1046114680
1041645724
1064770914
1033986488
1029130574
1021697312
990722388
1001046990
992192442
1026608784
988572150
992678810
974231805
967476920
959429598
949139054
959223390
935186510
932027168
946215928
916085296
918849700
931159500
902706811
898966610
886214619
897087050
880240462
868312270
884360556
844231846
840230802
861838886
837422916
852918938
833204164
808385250
819346472
813936115
819654780
803610709
797172572
814047866
781424049
775479560
768309674
747238876
758577414
735553702
763778936
752885612
734188488
747656696
718997050
716280412
723816518
691049374
681731942
682766372
701673145
687835514
667711314
664915644
654007168
656192392
650567349
622600900
618660116
621615910
635361354
607923612
612322968
605369321
591746128
581247456
600660736
586509742
566503131
564235653
578847148
551846540
538226816
543960385
528116144
528488884
560024462
508346804
502252540
500719660
2572739848
2567009142
2567442692
2589274662
2554765823
2539226172
2560218520
2523761152
2520396956
2548372930
2507922934
2504566412
2535172912
2485716038
2482636438
2498982418
2489155694
2480457512
2499632062
2453870120
2446765862
2477705742
2451433618
2434881886
2451024796
2427963735
2412622942
2439643898
2406807222
2386417042
2416961176
2369633996
2378681350
2380231396
2364053506
2361356659
2369237196
2352155518
2325837594
2357858208
2336720052
2317034226
2352889606
2306599486
2312558074
2316869892
2284780097
2276736306
2290247526
2273691193
2257598141
2281508832
2251659134
2244112862
2251599956
2232709974
2229305702
2239892136
2210771720
2215665248
2219034394
2189650624
2191360860
2199862844
2173545678
2157617988
2151828646
2150864134
2153323512
2148848778
2135689239
2119024886
2128783301
2136299862
2101061614
2100678046
2118093722
2093432340
2075133762
2091632202
2066290956
2054253978
2079001738
2049130648
2043921018
2043893195
2040298670
2021688209
2034728514
2017212960
1997702386
2005472554
1987521011
1970183574
1992787442
1966567589
1964921748
1962597728
1952660368
1945751873
1957197432
1924746601
1925662919
1918552993
1903709897
1887740164
1900773096
1888707756
1865728036
1893847286
1869997894
1859103986
1858314922
1850424682
1838490836
1866222113
1825521168
1815616590
1826303088
1805253456
1797288032
1804251604
1778097384
1790635600
1789743096
1762385108
1748300110
1752830182
1742423680
1734095422
1747816460
1707279086
1712130308
1710650116
1700888856
1688061576
1698592636
1673638863
1689430700
1669079346
1658008640
1647689636
1659622155
1634463015
1636183746
1649609628
1624461808
1619537662
1632887216
1599576276
1599041094
1603814779
1573508870
1582490639
1580254408
1557581697
1559857822
1551592328
1552711670
1518721927
1535381174
1521638936
1508285404
1525328376
1487607316
1488596740
1504932467
1485903133
1477513676
1487936982
1471449132
1475255046
1473600630
1448960696
1424601017
1446149435
1441604710
1401129314
1417150636
1410083926
1401478612
1414970444
1384929254
1385649286
1393847992
1367415000
1348759200
1381084316
1350850396
1327549464
1340886026
1330386894
1338474792
1333731948
1309931254
1304169564
1320428772
1288656370
1299631276
1300568308
1274079922
1271187870
1278284098
1261866672
1254862769
1268152318
1232307505
1229206618
1237170206
1232056350
1215111492
1207332582
1190024374
1202752760
1201066204
1175478750
1171993548
1177295290
1157953608
1167429213
1170760730
1153063932
1127638130
1131712936
1117072270
1107550348
1118841208
1095452434
1096760048
1118741554
1074517327
1064885428
1068575535
1051278972
1052639210
1063077144
1035167064
1036594548
1049581092
1023549000
1007018526
1028582811
1012788004
991823650
992914750
992714112
964534972
980493658
958218502
952295132
962705630
957080624
930059842
942363192
925312734
911813775
934714088
909064456
915563814
915367510
886165194
881022260
892175894
868356956
863568624
873281285
854720526
838841256
855572377
832807688
816746512
843145301
810635861
795886453
818592506
803694446
805855428
800802140
767777160
764391798
775560936
763182424
741932212
743621464
738625662
721535532
732647035
717545892
711128078
721994461
692311906
686050977
690290880
665478792
662894824
669119742
644462454
645651186
662099450
636381902
642585033
645386084
614293816
609475600
620791260
599146292
590362958
592887486
572265706
556418086
590871914
575984282
553808417
573061414
543225644
552586652
546851308
542118616
522141692
543709578
522692921
507052804
500561134
2580790344
2576901473
2609782484
2566525558
2554940802
2556441975
2532868234
2543199074
2540063500
2521210720
2516269116
2525183164
2504227833
384292122
2475756910
2499086293
2484959874
2469737152
2464349714
2466383672
2449540350
2451588660
2455042290
2434861018
2427781776
2446006590
2411446122
2414689946
2427696593
2398558529
2386799957
2409865864
2370207790
2376028849
2384288710
2350422902
2344978536
2357842910
2328289306
2315308590
2329271188
2298498549
2292432574
2321264553
2300732596
2292178680
2301420812
2275474126
2269378422
2264717930
2250034437
2245765200
2253108270
2229785900
2231991754
2217629994
2191874874
2197507292
2216981497
2190582772
2178783994
2201390512
2170198732
2165796533
2154745768
2135316788
2130763896
2140043285
2129725736
2138334873
2122062776
2106071226
2099081238
2094351059
2088616258
2065753945
2081591283
2093000902
2047191024
2044073531
2069411344
2031857949
2034184788
2050677830
2028831506
2019056402
2030618872
2008116262
1996098550
2012017992
1992249994
1986229592
2013375726
1974666002
1965247512
1962404456
1945338099
1937636724
1939585224
1920448098
1928426750
1935526467
1904810500
1895177988
1915340100
1874087840
1874579620
1897998276
1867996666
1853401986
1866820828
1846318468
1832298766
1836792988
1825471876
1802705056
1824675206
1791107078
1811666930
