991359737
949706325
968249646
1011281336
998302252
998903514
946479166
980124526
993693205
928481221
967272395
925605554
872173188
1032112901
897579303
911304316
946871195
852058560
860617351
868010235
851391840
835170389
786125232
816654392
773988443
821624257
834475228
783235433
830638304
839409083
817564486
748760928
810444576
759630640
716712674
725678414
700704060
731737288
753306513
677758256
707870230
754030728
744426541
656692850
652293184
657586604
663433182
628228084
648419279
611579362
714510464
687223041
601144329
747909172
586731939
611260996
582791728
563869504
580017306
571611553
607308350
548642134
579289298
548653646
562780118
530221960
528557896
538258860
530831624
521779704
677581040
495706734
2602221545
2588909381
2589281798
2600009940
2604740133
2545103082
2560690408
2595605807
2602160954
2663394529
2525370096
2538809676
2541354798
2589914799
2532728668
2479696364
2485283483
2494911188
2451668941
2474107488
2485710090
2447356870
2491780037
2451629750
2449077365
2432963422
2426880848
2453390929
2406908929
2407025823
2409708202
2394658219
2421804532
2385046999
2452386752
2376356514
2379637664
2352179877
2349191333
2369509097
2404102587
2403465612
2407128893
2312855888
2314615828
2306739998
2349915310
2312435622
2305097762
2307433916
2328136972
2286849436
2326751025
2279806640
2296960232
2265618504
2242840279
2304800073
2276100324
2250711136
2228250732
2315157456
2211049833
2300817823
2205196713
2205496773
2205099281
2267718863
2182487611
2179881031
2165421548
2213879856
2305041927
2149865284
2137626497
2154991803
2143103786
2119094392
2114434527
2119520612
2105322468
2123018136
2150256852
2096115584
2084485292
2151494410
2126208452
2121637961
2108016771
2053702624
2114315750
2083158677
2085177008
2064116987
2025213805
2221295826
2034249964
2030113759
2006909465
2046927204
1998863046
2066693907
2059169510
1982109413
1995538406
2017962745
1986137292
2028488401
1973351666
1943205031
1971889398
1944987323
1923259146
1915892326
1914061403
1909448298
1982706872
1939375443
1964938212
1887569461
1908867491
1936405940
1865657314
1860820012
1887227387
1870075898
1841073711
1838112789
1941357366
1823151808
1854622262
1805712896
1835100812
1799597951
1790832074
1801229467
1790877884
1787656349
1768618477
1801967555
1759439234
1753627504
1749193923
1736323775
1727993040
1732317896
1793806296
1753287792
1705478348
1779318062
1723087055
1680449119
1754383132
1678194509
1668458793
1664850846
1728974311
1721070904
1654878432
1657780507
1634262997
1646333682
1648583108
1719074629
1670602576
1633559622
1624862516
1612265403
1626273836
1661007912
1571613760
1580301134
1610203084
1557162034
1574147193
1566215477
1549523022
1552977644
1533080608
1551230946
1522037734
1531987436
1587186737
1503955682
1522045612
1538619452
1486247789
1505562161
1500831693
1469412374
1479201105
1486518654
1451480292
1461477672
1495782730
1517356174
1436067090
1462516564
1418935812
1456986391
1402446898
1407324606
1392004422
1578541971
1433924688
1389791736
1369214252
1431714600
1373827124
1341125823
1379458474
1339621453
1325176738
1429551502
1339456671
1300324181
1297139360
1308715574
1273985938
1282948333
1269718724
1264144155
1274455856
1268027328
1246890324
1299000896
1329693859
1228670653
1221028127
1221149374
1209044769
1269458325
1214749505
1188132770
1181663169
1191785768
1177246160
1183530931
1153416508
1153445767
1152825845
1188784586
1132700084
1131313093
1186230164
1137419589
1155565380
1128748215
1113847508
1110990008
1106210824
1111846362
1116474637
1072674684
1146365776
1062088510
1047648473
1090271310
1041849219
1036671787
1036298660
1022904780
1045720250
1011142852
1000867228
1010896109
1046268511
1002378436
1004502354
968762170
973542437
951626224
952300741
968676882
964189947
1015198327
922739037
936369905
937787834
915970578
980555457
901823071
894757420
924888788
958673984
909661596
858699777
861643719
867924036
848261277
841563156
843076599
864603373
830769641
810681189
852665912
797193029
792398598
782347514
786195798
792421988
835796597
766523368
751389306
767456342
733027967
729998818
728110540
761931825
790407962
734595840
773908498
698228836
690321018
687591976
675376025
674199304
664144702
655940278
643410764
682491898
643609614
636799972
698625554
613642618
616937688
670370940
667342780
585945495
662809965
576433933
573970724
568855801
555512350
548349468
541030756
539073504
522438332
516687820
514314103
556275008
502170631
493630962
495682446
491383929
505009781
494264755
466116705
467570500
2555774809
2549983494
2537864052
2581009203
2558945655
2533479445
2554412895
2535831711
461428994
2499940892
2499354696
2489160702
2475783160
2481798785
2495901073
2464593428
2457352914
2451484104
2446750140
2431004554
2450446489
2419708893
2445799239
2429353463
2454718060
2438543861
2408282666
2380488629
2374153050
2366872404
2360452614
2347639326
2348905730
2348610385
2328851600
2324132393
2321169490
2428035815
2314223101
2305788971
2293214628
2294993636
2301945316
2272797124
2291399764
2305632590
2267302923
2250574780
2267433445
2223721738
2219852937
2252830187
2206983776
2196808341
2195931281
2189038226
2221110756
2185600010
2171270793
2163341301
2186999384
2153382294
2162298981
2141009371
2177773089
2126495847
2121940753
2116595205
2140612501
2103993490
2103528727
2089666045
2091504268
2072175786
2076780006
2068133600
2054033808
2049381440
2091571222
2039941865
2036043868
2059966212
2016674254
2039884383
2005479192
2023075400
2016765966
2093392020
2024304517
2033299406
1978300634
2032946417
1961886201
1952856853
1988159509
1943634537
1957997120
1925232788
1941932069
1927186333
1915664279
1903319653
1893805105
1893101557
1936485202
1926362468
1948024091
1902257479
1861295953
1849529688
1847136171
1839109777
1840307037
1833405928
1861132931
1826555729
1883467744
1845044904
1833170394
1795445682
1787695412
1769629724
1788010237
1763143044
1750877953
1792394928
1734881644
1736854200
1813308419
1752351658
1802721601
1712607838
1705813865
1691728660
1752007150
1681234507
1690411476
1689131446
1659340277
1653830286
1650959064
1685787129
1687927661
1637883103
1627153292
1628045137
1636063678
1614311766
1599840408
1597780564
1606719697
1589270377
1609395488
1623765972
1576664171
1630515367
1553681236
1548872848
1543723192
1620074484
1537067768
1531722816
1527376117
1507660702
1508952513
1498041749
1492803393
1492763612
1480520218
1515252118
1469497382
1479121288
1473270838
1511441306
1443809232
1476051655
1452855949
1439532188
1407956918
1408568479
1398451356
1390209833
1377236525
1383983528
1407745614
1361247149
1355789982
1416586713
1343093835
1328938156
1322206105
1320439184
1307274701
1299517532
1315652112
1291578050
1309595597
1286544596
1307455464
1262608830
1261525232
1303675684
1243741596
1312213095
1231372866
1222051826
1222849414
1215372645
1206166936
1204366510
1192990470
1196428832
1183776553
1179770809
1175420228
1202716558
1197214672
1203181586
1143638585
1195956373
1136250000
1124040516
1124717413
1115878276
1116080924
1103118716
1093880772
1118273840
1094236513
1066555185
1086664826
1071317226
1082834257
1048181974
1053137556
1034176520
1032422925
1022024077
1022139160
1006468536
1004454232
1001859405
982569683
985248472
1072167169
971177386
976933072
964139004
944745649
941751659
937668121
955262149
962440177
913512852
920061416
901987331
900128192
891956985
897281500
939027509
899733801
858167262
871433189
862755100
840168354
1013557408
843419571
822151080
828836283
807923002
799821404
808107087
805322370
779279994
775381880
771040914
753359624
758395596
789183142
747633702
737147807
801126760
726692477
743029788
717589816
708936532
694114850
717510504
681497942
697934656
690212336
668874034
665065817
647673357
649802324
633492946
654938044
628542545
615481021
608680444
612738946
609676404
591365374
583864178
585515968
618552077
582524075
564598532
550641729
544746096
537074409
532342240
527129580
522662048
539547267
510961042
500748607
512697377
500172274
506672140
480340762
475205389
2590790572
2593919813
2544949970
2543938261
2541576020
2542392830
2521590362
2603557732
2514972082
2519586142
2500642090
2489679089
2489948365
2480330517
2475133466
2472013092
2514602368
2480183641
2446730664
2446808128
2463477119
2480644283
2456647529
2502094500
2428981243
2445776186
2397069886
2398076775
2382726190
2374409902
297423274
2367177222
2347604160
2367681034
2391598504
230531285
2323661256
2315268533
2309751203
2302948299
2393163736
2289127048
2344389632
2333665816
2294078610
2264889603
2267742585
2257927882
2271067725
2265187516
2233661336
2223989583
2223143418
2217796996
99462825
2217560288
2181354359
2179430986
2173304085
2176873964
2205351312
2162298283
2153048382
2219141465
2136719578
2122814513
2142077944
2115201824
2109906182
2104609870
2106498364
2092606731
2093571282
2092235515
2080842348
2079701796
2066973054
2062214713
2084433672
2059417453
2053259546
2043824378
2036519405
2035600438
2031492213
2020137780
2008682669
2038732628
1995713976
1991100940
1992972168
1986826904
1974282912
1996028112
1966574937
1984828916
1949833750
1946153557
1937228358
1933781506
1953700440
1921090790
1913577626
1901047877
1899450802
1884507751
1887311441
1914686429
1899593336
1867247029
1855027132
1852812896
1841900936
1843384292
1872196363
1828764761
1824800088
1809492041
1803326120
1796337686
1871265105
1808333957
1789532986
1772083212
1763231866
1806143365
1879603246
1780216165
1756586489
1733236797
1799809276
1725528464
1715310941
1704270150
1696843096
1704671492
1688217105
1681336616
1683733604
1672663398
1674264005
1692734153
1660903747
1668481216
1648868445
1689242991
1704818055
1644190114
1684795923
1607612846
1658074037
1688987483
1647522887
1601485009
1597652579
1576213166
1568807443
1564716266
1572192967
1558471161
1551344224
1555536864
1536691032
1526103470
1553736116
1515006751
1518463938
1506716288
1515955122
1494768097
1499932682
1489592898
1474750674
1481125326
1468285640
1458456801
1453390931
1447038367
1445408414
1444618328
1427840479
1428385977
1424494152
1410331948
1427066450
1397900960
1395867180
1389225970
1401489696
1379204046
1366385559
1361563037
1377081071
1352780434
1344570568
1339982212
1328726120
1320805174
1314234322
1317543995
1306047629
1295113955
1286804108
1282009525
1280402790
1269273564
1263397129
1256310900
1277115120
1244292280
1246163873
1256438604
1232452168
1240620539
1224746259
1216305767
1212476172
1202650184
1189968244
1183983693
1197240424
1176636239
1170586774
1158493998
1152183284
1152856944
1149352085
1139495202
1136131000
1130404972
1119564603
1143156362
1110302964
1101435150
1088172168
1099993327
1082683385
1073542385
1063563066
1053117078
1052697307
1038800959
1059767792
1060717922
1026617137
1025041311
1017816681
1042811669
1005594663
996260174
991524807
989409452
968664297
997698160
1074453372
960031146
964700051
937534063
932772896
923214957
925103534
922165905
914636026
896224429
925616117
892351162
886751480
874615988
868130317
888162318
889473192
853392744
854058922
837005221
903989268
874911045
818830222
820092768
887869810
883631117
820250508
791905684
791270096
773057740
775003343
783262222
760153749
766795284
748564934
739898281
756392625
724400465
723448728
711651631
711653459
731789440
763935457
722688495
690163230
676059714
685408728
669279322
657863685
649939828
650491646
710299198
754042730
620896107
619212644
634753202
617477802
605882072
601401286
584354375
588594271
590338328
568849707
602190168
592574230
541781191
562318519
536530328
527986348
522145562
508389658
526339626
528666387
502194968
530132177
486633507
501498593
472568585
2564812599
2560564565
2567934200
2535728435
2532798773
2529801544
2526074876
2556148664
2509766172
2506316584
2503637072
2499053472
2504640528
2489139140
2481076185
2476422863
2484570468
2462730736
2458996021
2457744963
2439457589
2460717861
2525657464
2428804500
2486474082
2428941256
2400555408
2412780080
2393573308
383947948
2377019249
2365119356
2363113932
2391279772
2352644759
2338645056
2337327886
2324675600
2333326920
2319842282
2307527981
2309293672
2338235413
2291060073
2279365676
2271639123
2277730814
2265660671
2251776912
2250325293
2243781481
2246493933
2220871405
2218002538
2226594848
2220058011
112991300
2187415914
2186625268
2182220304
2167789522
2158237874
2164641751
2147730374
2143714455
2137762628
2137399497
2121837349
2204938073
2157980619
2105163816
2099797444
2100087908
2088023652
2153039392
2099437600
2068835370
2069776685
2053767606
2049268428
2044974834
2032938602
2034791924
2033599287
2016356687
2011660707
2009862126
2004455058
1992569061
1996678993
1985995599
1972677948
1974435072
1969357962
1962970274
1952941632
1943623285
1975425580
1928244250
1930579008
1911539673
1912794032
1901911947
1899446196
1892194792
1881456606
1879551228
1872875784
1879514722
1853913558
1848321800
1847670426
1845620876
1838620214
1820433356
1822674711
1815091756
1801220340
1796931141
1794129016
1786948716
1774156068
1780907704
1768145065
1766604164
1750675961
1748046208
1743956226
1732762228
1726793908
1717341512
1715384246
1712126274
1694649024
1697435593
1693437312
1675764152
1677544132
1690107577
1660857864
1653311216
1657034445
1651776796
1642174801
1637394347
1638176538
1626905578
1619687311
1617330472
1612429273
1605884304
1591533320
1588426783
1593119817
1571883550
1575366736
1589988697
1560941352
1555858623
1544654060
1543998679
1534867033
1526816091
1521574954
1509038408
1501493296
1500901756
1493461264
1479193276
1485483772
1478147797
1464565125
1460113942
1464806874
1444893716
1442671590
1431678433
1429713242
1418643470
1411010974
1407344734
1395926594
1391016511
1409423284
1380026347
1382175977
1372839950
1366975462
1360858190
1376113054
1349840865
1343426124
1405940542
1326690579
1318474106
1315299701
1382825929
1365145494
1333616506
1360846476
1273380632
1348404492
1327876433
1279882168
1250425171
1250649268
1244374764
1286117313
1228149560
1228167340
1296871256
1208758386
1224914407
1200434140
1190958068
1193309618
1180824473
1177361049
1172622859
1168103734
1162832123
1153622897
1145847009
1140462344
1135141188
1131120181
1122450958
1114709712
1110595061
1096460925
1094929935
1091060860
1099205511
1076044218
1073510685
1058150244
1057555074
1044166782
1065728655
1087167337
1031228731
1026554571
1047630045
1008227650
1001218138
996941085
992129436
1001887101
969435709
969457401
958016762
955733684
942161580
934225524
932891394
940857084
925323947
947556853
906429181
906028103
894958264
895287505
885269693
872808512
865832228
905286108
853240162
883068461
838135979
838255385
828239185
937323592
821288844
811231937
804722172
798039408
785329742
792388089
782161808
800015807
766356619
767101850
758201504
752731820
746153114
732140524
727426385
725542977
718797416
707444730
708717976
695680026
694396413
812148298
745814221
690614712
662716417
732717604
652823128
740064139
642659499
635600342
624146550
665718033
701270801
612117087
601416213
595685704
594380671
592733524
582160118
574809917
564818557
563307419
550749316
546282459
541172144
535068440
525435442
518275620
515962986
508126265
501229250
498860460
499762077
552634373
484861775
478971791
514399846
492145001
2564491009
2612757577
2547093871
2536883714
2545715196
2529492866
2518357060
2513938149
2529540486
2494868340
2493184213
2495167026
2495803120
2479770552
2475004874
2460092670
2471240725
2454390540
2445959958
2436144984
2451857232
2488819086
2415573599
2407477139
2411196480
2400315784
2388919248
2471421821
2391827694
2374332172
2363348026
2356731932
2369584176
2341053658
2344220822
2336244865
2336659486
2318126095
2309934736
2312797169
2346124196
2301444099
2291170628
2286696209
2303120433
2273182183
2280737170
2256875233
2254735994
2239119189
2262040349
2221386570
2223587813
102726844
2193683278
2192927609
2185676114
2176368808
2256458522
2166944959
2169082922
2145169625
2145188175
2139144543
2155043513
2152400319
2131595341
2114725095
2138153296
2099741625
2090491640
2091571034
2087077101
2072488788
2062572372
2054780394
2067672297
2053986488
2044001140
2034189296
2043475548
2027535486
2026175040
2018388384
2025093512
2006162880
1999821756
2004232885
1999914696
1985174349
1975477346
1966734750
1972716589
1954998928
1952937354
1933535189
1958866568
1925705687
1925498828
1909349826
1917861911
1910150046
1894715452
1882173302
1912087936
1875544793
1871284244
1864556627
1863686524
1845070212
1843886423
1827220138
1878862235
1826050493
1816639408
1798209080
1806249544
1794434255
1787169325
1776130603
1778472613
1756598556
1792279233
1754083706
1769407164
1735387951
1730166385
1715111064
1724570286
1705818632
1698634428
1696977142
1698061738
1677710907
1674560972
1673188294
1665404493
1659580191
1655518041
1646033921
1649287167
1628713048
1628171741
1612955882
1621212805
1607583753
1589720428
1587115428
1608567881
1576390556
1563913196
1563148547
1597114561
1555906458
1550403990
1544941094
1543216754
1528724061
1521915942
1517100486
1534767072
1504364015
1500920124
1493874570
1518628016
1479752965
1468135304
1465104938
1511865981
1454316090
1445871184
1442844845
1450845047
1434910170
1418978803
1416101186
1419416222
1409112208
1392027546
1379449360
1388025111
1369767529
1358792017
1360588684
1371241947
1339252863
1334645858
1333013970
1326076816
1321465441
1489031036
1297776290
1323786488
1291036992
1273653320
1288103294
1276878314
1266518125
1423967529
1251382869
1265829272
1234076952
1250774504
1231016516
1238699363
1217777772
1215552873
1212132461
1220248605
1200553004
1201634308
1181272868
1190042566
1173316781
1160092139
1252838834
1157642382
1141301704
1142139938
1134425640
1142877086
1116537216
1127924817
1107949403
1109167122
1086476990
1081320953
1140809770
1079812385
1067719707
1052877746
1051263188
1054717284
1036483470
1033667860
1030083378
1042641213
1012781413
1005745442
1005976716
1006977986
987395256
984191356
976048937
985274548
963325274
945199442
936978338
946457832
928237194
924579924
919878602
926805344
897121290
940723930
891937766
891827050
894119644
862792404
858686792
875270427
852578317
840589678
842295813
840650134
828289518
823032764
818835385
820295113
805068404
801017230
795844479
820108808
779241961
768671939
764747283
775501629
752652376
791009000
740024673
748580923
737025156
793717044
725721910
726512333
710113341
711476781
701196754
702151444
682296478
682619006
673763222
678487738
731929094
655706602
673494264
647410260
638741538
624081007
629672066
651872160
607772976
609607108
598317481
605826014
582642557
583644023
596729829
576176180
557449456
550739110
547023136
590404216
535228240
524180664
515610752
523956904
539445776
500427520
501119800
497958182
485846960
472279948
494195392
2582476549
2564239385
462626360
2551853725
2557530897
2646885528
2520273494
2508767740
2516926096
2500570018
2491331691
2495095654
2527570456
2487782683
2474779621
377555477
2454632343
2444636801
2448883544
2526159320
2429686545
2425815433
2417157533
2408299781
2406419508
2407383554
2394763749
2391208849
2398737433
2414683431
2387980464
2365080862
2345440487
2346923556
2341841298
2334262080
2328598816
2325233570
2342414841
2307096869
2304654674
2301514829
2289803084
2278069119
2281585920
2269855062
2266697520
2246869234
2256451639
2244270982
2229374596
2239227603
2215152904
2242885698
2325048726
2224700870
2196197914
2365032849
2179049146
77745952
2158524020
2225945044
2156786977
2141985582
2140145114
2128696752
2125913928
2157515442
2117339420
2116681055
2095804931
2094624792
2134157938
2082900704
2077861905
2096997763
2069441278
2063535030
2059184382
2053821550
2054078762
2034271448
2035057469
2020646381
2011109032
2009094192
2003800428
1998340338
1994996796
1999361135
1986430981
1971898516
1972904691
1975870728
1976015418
1950981219
1948455581
2006530358
1931619813
1940346004
1918272430
1917771085
1908419422
1914374299
1912728543
1894052202
1889139033
1884615487
1880379001
1873145789
1867770697
1860387768
1846672690
1846787800
1843798424
1836350045
1825584212
1816645584
1805812422
1820776819
1802674331
1799466174
1787508333
1777422276
1780369554
1780044775
1763505739
1749368923
1744867370
1754850782
1740815175
1731872454
1723963964
1718458229
1717880668
1699628760
1745571057
1698608126
1681542406
1689690050
1677594908
1661657633
1659102343
1652779080
1673251894
1641123356
1638421167
1649747073
1638849534
1626485471
1612218338
1627307324
1596602015
1588107926
1592458420
1608777503
1575397441
1563458321
1562586418
1544970425
1551154460
1533894102
1524987989
1525159097
1521940390
1533084353
1520166367
1500869358
1488592056
1478133433
1510760938
1482694991
1468967009
1455435090
1457757398
1446094260
1454012548
1452417972
1435969615
1422979751
1418543692
1407657105
1398858973
1393928080
1394272316
1400336388
1386433022
1381785753
1414746598
1416628108
1359422948
1352614064
1344575245
1331124588
1333073821
1318296310
1310305155
1303569321
1303471273
1306157096
1291789802
1284830736
1270278757
1275667661
1274128717
1256191608
1250305683
1244789114
1245539342
1240902844
1233603513
1226184367
1211361499
1213869718
1211854117
1208463170
1188078450
1177753981
1173097317
1198997538
1175211158
1147003432
1153456485
1137537507
1146512585
1123683796
1118537797
1117755642
1112058763
1128234464
1101046085
1085187388
1090673702
1078204874
1084578484
1073020941
1058137186
1060027588
1046138626
1047759388
1029114470
1021741508
1021587638
1015462905
1013529499
999276721
995105302
996960572
991147098
1001812857
978271276
960236454
961809838
957020052
954873926
941903851
937482506
932415490
924913694
927849178
902092718
896139086
897969603
883165114
883412084
870953801
863624861
865633419
863708970
851328923
840003820
