1456831519
1447128624
1392628370
1444734825
1443891624
1422719849
1419484152
1363349123
1401910406
1379758242
1394295529
1436120294
1402952970
1406199671
1401619501
1381016630
1383294501
1387194515
1381541711
1363878500
1379770786
1384086225
1365178660
1447035667
1368106489
1343645503
1395623842
1363964296
1405195281
1390783524
1359504301
1429242199
1426041042
1411443546
1387673180
1489366722
1343343429
1352774894
1402596623
1362767294
1360848510
1368290410
1342612744
1340807966
1341403194
1429480976
1381966917
1342955523
1374616034
1378282554
1555314477
1352199744
1342071414
1354193881
1337694672
1406059261
1348147163
1359746414
1361958239
1438426174
1341204249
1342464518
1416400691
1360149727
1409257666
1363034044
1333146694
1362365992
1341867670
1446830812
1352952168
1343253195
1336776494
1401551588
1375733708
1352655536
1395364568
1411578022
1408223943
1423647175
1342760434
1433936142
1342319796
1340333700
1384001628
1395185553
1340854420
1362005007
1346136006
1341522647
1339254470
1373689551
1339708390
1344642542
1359816305
1387462631
1372432396
1353808780
1340115566
1337264611
1331757030
1391088136
1338006560
1330955280
1368448902
1385206405
1337215640
1361050586
1333148044
1342291078
1430433323
1346432959
1363084618
1339174799
1339619360
1384124133
1359810516
1422808659
1368134632
1338552618
1358964185
1430202918
1352104378
1340674750
1338985577
1363903611
1352937327
1405928782
1362534483
1342310681
1330811512
1401019256
1337892878
1339055844
1331975344
1360452147
1361397472
1338599936
1342990949
1346552004
1384173985
1341980881
1345684714
1382578307
1447803638
1342379638
1331792363
1338366407
1347749096
1337011135
1406133536
1384685864
1352664308
1337656287
1334429429
1341586279
1363518827
1346137252
1351506096
1415865393
1488743781
1360447374
1360598940
1332782584
1405667266
1347492627
1339136916
1347707311
1386818444
1340031159
1449878576
1345919798
1335147392
1333063974
1330701077
1333036912
1330817819
1344996094
1345982237
1347990149
1330974031
1386823548
1338472887
1343609874
1375182852
1336455650
1340056306
1395491265
1373449406
1444163215
1402630314
1360253243
1331274932
1363218021
1352896337
1351338871
1340400616
1405605272
1337349604
1365798564
1373383420
1331204992
1344909846
1324652819
1384629462
1333787758
1337091674
1387817348
1402405562
1361717304
1344611413
1363478524
1411371676
1365484056
1331444713
1362248863
1331368355
1321309867
1325920553
1421744847
1332977904
1324581000
1366418893
1381041915
1339761987
1380868376
1411461010
1405975890
1338864352
1352971774
1342062510
1338497611
1330602515
1342370475
1322095120
1340201576
1340245663
1401878049
1352761799
1364857314
1328062094
1322410359
1320902239
1331352956
1385855178
1331727990
1332830274
1346098613
1372791960
1326179694
1321591282
1338493850
1339431525
1348770966
1353940575
1405316742
1340875213
1322637467
1321922966
1331666871
1338053200
1322036025
1394699469
1369584784
1324646230
1325681557
1332404291
1358532182
1330725571
1374256877
1322708946
1325598577
1333233520
1324533064
1324154201
1387659838
1325989308
1339387538
1338454382
1382454844
1339998278
1332450182
1331768124
1339134870
1340207235
1325232033
1342569554
1339791054
1322381930
1330563945
1337923746
1361426695
1336548876
1327796121
1329578322
1331039699
1381101307
1342684296
1351647382
1332666736
1320902437
1353041993
1334479845
1339003280
1332438939
1331726152
1330023480
1321219032
1325478160
1339947315
1331256380
1347905085
1324192897
1320793040
1331390079
1357598942
1401329176
1374658024
1383478517
1354184415
1330541044
1331199391
1321798732
1331956081
1403961301
1338913049
1342879998
1324439191
1321005538
1373554846
1324632101
1325308526
1330279504
1320533414
1341875806
1325786316
1324466832
1330830492
1366148002
1332457664
1338902478
1337585188
1342211896
1352859565
1435239050
1321650966
1338600366
1320944520
1321790270
1331022852
1352272642
1325890116
1390328617
1323505766
1320102916
1331873212
1338900269
1330428620
1331940422
1382204072
1332654592
1324712099
1333059138
1331698704
1353100018
1323855414
1331656360
1330145046
1323154635
1320142224
1330203312
1326202471
1321738999
1331131023
1332017612
1326078209
1330582882
1323459729
1343595408
1330451390
1339578459
1391373003
1325038660
1392455492
1331664036
1324123257
1330452374
1332323056
1322192355
1382338018
1332814166
1323448592
1322166773
1322648810
1321461179
1326535694
1331830252
1344146605
1390513987
1343000534
1328077060
1321656145
1321796176
1394236411
1359739477
1323986636
1321410100
1338703766
1330312750
1339689132
1339437519
1319942380
1324764600
1349598768
1337360760
1323050851
1325709373
1380908300
1327045663
1332772045
1325270371
1332120928
1323789583
1321296107
1322066832
1341918602
1345655428
1332123109
1321356118
1340822349
1323088843
1363483470
1324589260
1318826089
1323844136
1327012741
1339273687
1322903270
1331433191
1323500974
1320976907
1342647913
1338945403
1425854254
1366156696
1333330491
1379432758
1346058154
1332770266
1331647582
1331345565
1330197012
1318547898
1322115908
1320900941
1322346274
1330570539
1373686591
1344295508
1338575008
1332904291
1330747893
1321603807
1321440818
1322974801
1321361688
1347093515
1337028606
1426574273
1332006784
1373272852
1322324309
1325449979
1322234394
1330301864
1333038304
1331062712
1320962112
1340001070
1318965754
1325426522
1342524350
1415947527
1323848458
1328760745
1321106952
1322902741
1324534097
1323530532
1329739310
1320796736
1323277655
1331601550
1324437680
1325186638
1330593018
1322534206
1320986946
1321620996
1323862344
1322833360
1374004016
1362515468
1319042638
1324206713
1322432429
1321741528
1322003675
1342235319
1362791349
1384263494
1318976595
1342097798
1332959666
1343796863
1321411887
1331907565
1338963408
1372182498
1320923211
1325481804
1343171237
1321447893
1321992355
1329108636
1363668108
1351103873
1343717754
1322106437
1329746650
1321283154
1330530395
1342241774
1347165204
1330400854
1363607835
1390852801
1322247959
1323045052
1326116125
1324068629
1322082794
1321994303
1330450886
1324493357
1325143024
1353463565
1324494733
1318353372
1332857518
1322074187
1322876028
1351635240
1339198887
1325225830
1317991292
1318023880
1331240618
1325610028
1319885599
1320638476
1345132642
1362711419
1331075757
1322217321
1317885803
1321537829
1320539123
1322257090
1321921144
1323977672
1363016012
1325050010
1317528091
1331958637
1372897662
1320774836
1321901086
1320348067
1358910765
1323940981
1323529592
1324591047
1348586722
1321064077
1326552328
1320289374
1408136258
1326108356
1366951656
1324592333
1362567824
1323654478
1353299870
1365565697
1332905325
1325557871
1384811463
1319681968
1318100390
1332762152
1322548438
1323531765
1425798095
1402688013
1332171245
1320073950
1327364188
1339591095
1351513417
1332218627
1332373414
1323753740
1353056792
1331875635
1330068503
1319714987
1318786858
1321646855
1351450350
1323873656
1331766183
1331233588
1317634303
1322665273
1320936149
1345945142
1320878975
1382851659
1318560489
1332319677
1324504070
1367448587
1321670622
1317603564
1322934237
1326581645
1340802693
1388730428
1330571495
1323321215
1330837799
1328868477
1323977248
1317821643
1323433204
1322151007
1320652518
1321276997
1322496046
1320706355
1324476898
1338193989
1323429886
1321409637
1324494116
1322326124
1345320775
1323255056
1322384355
1321553279
1351805739
1323905361
1331580351
1323983713
1332743196
1323619843
1331186754
1318347673
1321282348
1325991165
1321412764
1331347697
1323170911
1319256380
1316692874
1318140592
1360056068
1320610629
1330795939
1318852491
1325515976
1321550634
1320735653
1353996746
1321975028
1447563628
1332763564
1330326218
1331890199
1318178232
1322474361
1322102826
1321960126
1352669186
1323605540
1317981325
1321342431
1321817219
1363196348
1327843852
1320312885
1446961954
1321641930
1324139869
1384737123
1343589974
1318024530
1321775016
1321423278
1321382412
1317228315
1321621395
1323188822
1320910045
1318887697
1338841391
1321422288
1323670246
1322255992
1322913612
1323405663
1321984086
1320731380
1323154682
1320335873
1325847020
1321820372
1321010107
1330920477
1324383342
1331067181
1322248662
1330535225
1344527005
1322280883
1324448119
1322130032
1322367285
1330795764
1331290325
1321025688
1321970203
1320759227
1322984787
1322473156
1318149164
1316147296
1342540481
1339799752
1323270713
1322183569
1317862696
1322213751
1342781533
1318198484
1330321046
1322205446
1331686404
1360617408
1322149823
1321533794
1318257284
1320327314
1353030767
1362160100
1446201848
1371725716
1322007068
1320868498
1321490828
1364022210
1320682113
1382205784
1323632418
1323547727
1323243237
1323846522
1324702350
1323350882
1331199209
1324392173
1321101579
1325457273
1331428080
1344120624
1321828793
1320996301
1324678336
1321018409
1319093475
1393550112
1321545588
1320754633
1324062237
1320027011
1342680237
1324373448
1323911885
1330174872
1321172781
1322821297
1330387108
1321596397
1323575220
1382232690
1351357386
1321401232
1319934201
1321360384
1321514174
1318405143
1321851328
1351745317
1321130750
1318905598
1320982447
1321816706
1321786427
1331013789
1346753875
1316721669
1324449474
1342645056
1322056049
1348408180
1436855629
1427424364
1324387765
1319499470
1342281452
1331862575
1321996673
1317627482
1321644874
1330260445
1322321027
1323297842
1401591514
1342849099
1322154378
1321186391
1322957056
1320508176
1321455097
1344519555
1330442897
1323360987
1325856401
1320857792
1326654413
1351883050
1323212044
1323002818
1330738312
1324034288
1317363749
1321466427
1320066738
1388454376
1321820524
1323082727
1322549324
1321906717
1321045339
1321290139
1320235045
1317882662
1322227170
1330970512
1326173735
1323298999
1321565582
1317835862
1323843346
1318849910
1318543330
1318125498
1324427746
1330203115
1321527944
1323511663
1320839054
1318912266
1324256720
1318114815
1338914027
1321827892
1324929673
1321350246
1331598358
1317959895
1323849708
1350135479
1351141570
1394743954
1326227314
1320809503
1322202560
1344026529
1323862276
1329841291
1322056153
1332368016
1325374669
1331773752
1318247226
1321848618
1321114881
1319576504
1320858652
1324079156
1330583457
1339656197
1321992482
1341754982
1489355347
1322091555
1331771088
1327477066
1317157044
1321016364
1322828385
1317277218
1321323413
1326177676
1320834551
1335892804
1319284381
1322333746
1323672100
1329708320
1323898867
1319197883
1328900745
1330586480
1331279880
1342217369
1338540684
1330287357
1321710580
1324865973
1323015859
1323449702
1317300799
1330391033
1321978787
1320623611
1319475969
1350430427
1321383530
1319841074
1317855432
1321840424
1324768368
1365574667
1322965231
1331372660
1318861218
1319996692
1337337370
1324063000
1322131569
1318005071
1322304666
1332437152
1339364757
1338200409
1316346898
1323754696
1338909088
1317903093
1321649024
1324746341
1331388836
1337871586
1323890430
1321882884
1321905606
1322587195
1337992700
1318521699
1320933346
1325015252
1329671324
1337513374
1319278897
1324082464
1331291768
1318516322
1347129731
1325038058
1322758936
1319417941
1318131602
1338774856
1322207410
1405683260
1321954756
1327731663
1338038451
1330610077
1343346829
1324091676
1317437786
1332819119
1374073337
1492371038
1322028218
1322436582
1344136492
1321750705
1330099142
1317884680
1324121376
1332400135
1318351344
1323401584
1350993930
1323138206
1322456410
1393448700
1373913255
1320223677
1362755061
1319191850
1323766835
1318384118
1319287727
1318609970
1332304668
1330784410
1327409109
1332150318
1325168197
1320616172
1338494137
1331988642
1321980052
1318567633
1320501458
1353590497
1342974582
1323563819
1321672355
1320744689
1318251083
1320961842
1319077992
1343469356
1321768506
1346320974
1319105602
1329765218
1331074476
1323619876
1317846504
1332213694
1317597632
1321972954
1336521956
1322456035
1322417157
1330522251
1331641313
1321928828
1320193028
1324609742
1337866694
1325640875
1320811537
1325822872
1383903881
1322424078
1380509803
1330955486
1346239936
1318576177
1330413223
1320552071
1333184859
1330503488
1324833943
1321575585
1338780444
1320593532
1320457959
1317548882
1338384566
1320179731
1339266814
1332041538
1344606857
1324447820
1320384516
1318851487
1336981552
1339343510
1339289083
1385782929
1332767380
1321826035
1318554556
1322648309
1343087640
1320078459
1318444954
1327672512
1343305308
1318721924
1322358984
1322262219
1332974157
1318544588
1318724859
1317682850
1332126852
1320221646
1320288579
1320912178
1337626750
1323001824
1321750709
1332472918
1331908444
1403977439
1321007054
1318909526
1330352355
1342720668
1322564656
1320164046
1331160572
1320370164
1324925218
1320592795
1328984772
1319456362
1316746508
1318461968
1332890292
1317659131
1320015486
1318284399
1337671331
1322192245
1317863404
1320224198
1343167936
1385004227
1362492033
1321891734
1345599637
1322485154
1318240319
1319484390
1329950542
1318527758
1324212490
1332385246
1342873772
1329953658
1325971100
1319022240
1379648952
1321846564
1320209820
1317321662
1331266334
1320092610
1321380621
1320891021
1332168132
1320628125
1318233834
1317792041
1338119282
1323030242
1317810461
1318571810
1336902685
1331007306
1321280536
1320490528
1343787362
1320512084
1331633908
1321892430
1341741417
1321514630
1316837692
1318784531
1344023156
1318779716
1321044880
1321539374
1330654653
1321858582
1326942019
1323271370
1330369651
1323575530
1354711834
1318414030
1336996440
1324992327
1321317273
1322236966
1337288487
1318728064
1317198264
1329650383
1333185801
1323424442
1323608743
1322573929
1338907906
1322012250
1318222897
1322042355
1332318644
1322391192
1318445637
1321392419
1330166219
1323806690
1325230604
1320363032
1332547194
1317509091
1321656106
1323875060
1330758384
1331223863
1358878143
1329315102
1331080466
1402813341
1318192460
1324756064
1343038669
1321212326
1318995998
1320112694
1331145332
1322043537
1342230236
1319902706
1330831777
1402205538
1322289631
1321908487
1363603482
1330607910
1321529710
1321457913
1333886092
1330744584
1321692566
1332213387
1329624224
1321237582
1325296004
1320745655
1337750601
1319957777
1330595358
1331211520
1331256518
1321720266
1320387913
1321476300
1335868916
1319995289
1343538508
1321662766
1331685314
1393958761
1423450120
1322140711
1337517828
1326306088
1320058236
1321441458
1338183078
1318105844
1331539924
1322908681
1338143162
1385144219
1329745125
1318133307
1331367977
1318049263
1319064918
1319004098
1338364229
1318542835
1337906139
1340074404
1331992402
1324017784
1323347343
1317402755
1338336874
1317487921
1322826658
1326206108
1338266671
1319909340
1329641352
1319067002
1351140616
1317777318
1330750563
1323212571
1337079306
1350881740
1324696846
1321544635
1332634546
1331021257
1323035513
1323227201
1338991328
1321949188
1320505921
1318377876
1342515870
1394714620
1321210221
1320084344
1338851346
1318452201
1317021181
1321209943
1332020817
1317982007
1324435322
1344066158
1351076148
1343201536
1325056477
1321913805
1337795394
1321176512
1394287278
1320603395
1332015310
1320314834
1321452722
1331582107
1331933623
1320342430
1321226650
1320115423
1335668316
1318411532
1319989729
1317599314
1344129812
1320356263
1317857830
1322191068
1393748908
1323643798
1317549931
1317272785
1329541278
1323295081
1318431890
1395351890
1331609341
1329949628
1405471364
1322266655
1332440958
1324997585
1322205207
1318553041
1328854044
1317678636
1318295578
1318013201
1337645106
1322414561
1333041118
1320730107
1331708568
1319122004
1323413500
1321327675
1330133478
1317983391
1318396160
1318079524
1332064397
1324442207
1317551491
1322392120
1330873609
1321390366
1323278209
1330961167
1338274810
1414403955
1387059054
1363239125
1332640743
1321577004
1321273628
1322364147
1352454140
1331014582
1324506323
1321448496
1329828343
1324108060
1324431628
1317001827
1337906582
1322642222
1323905800
1323498355
1330313516
1329278253
1323830348
1322047780
1338908714
1330124043
1323061639
1318521554
1329782921
1318069677
1322080808
1317825826
1360883853
1317469531
1318444249
1318450251
1331673650
1318217341
1318526256
1316985810
1331312768
1321245934
1319599289
1321155707
1337972904
1323454775
1318872474
1324821731
1341123837
1319108771
1315967053
1325239612
1331699142
1317340556
1321375061
1318143946
1337229568
1318177439
1339091231
1331919032
1336809508
1317942815
1320002299
1330491962
1332860110
1321329575
1332099252
1331961445
1331773459
1317790731
1318565479
1318025595
1331599132
1322091716
1342944487
1325221447
1331462564
1318867543
1318651451
1320973706
1331287814
1317154663
1322686285
1322362191
1331528872
1321209434
1319336316
1349601586
1330102200
1318100570
1320194320
1332627760
1331210826
1320342660
1324866100
1327373946
1337747730
1318458212
1316642257
1323657531
1336877044
1323414119
1319435971
1323545365
1331524167
1318634782
1318413698
1323064491
1330999128
1317610183
1331338114
1323540862
1342849615
1318400808
1323243801
1321377813
1338543659
1320215839
1320353444
1318655109
1327240990
1321610030
1319708394
1320643297
1331971585
1318780510
1319720027
1318015303
1337815530
1393630482
1390454944
1321952914
1330768750
1324061733
1318184922
1323696589
1333167284
1317458084
1319144638
1322115418
1335115929
1319227974
1319854142
1329884732
1331761349
1316984343
1317993785
1373222581
1330599076
1325220578
1317027796
1319416527
1332159074
1320708910
1319422259
1318105294
1332072098
1324108723
1324117061
1408274163
1344374560
1316787432
1318839351
1321936146
1332597156
1318706610
1329837794
1321177557
1345012439
1317531156
1318531712
1322270589
1331874571
1316546776
1348020755
1326906025
1341801932
1318236125
1317538565
1416323486
1338965440
1320760206
1321153579
1323376594
1330983490
1325431792
1318805308
1322601786
1333211873
1322034775
1321007298
1326234589
1422703303
1328325375
1318527268
1319247585
1340618401
1318654326
1319713590
1320625658
1331370056
1318532437
1322520584
1318426466
1331184802
1321738207
1324065760
1323136926
1358595829
1319547922
1321731424
1316985115
1331518468
1320125169
1331480731
1321939354
1338113854
1317997125
1318155104
1320024812
1337748222
1322974464
1321068858
1318162530
1338145370
1324166711
1344107214
1404339214
1337136759
1319971332
1318254231
1319179461
1332111784
1321587662
1318606940
1318837513
1329572007
1317205978
1318120184
1317798285
1340619877
1322061446
1321255865
1322453242
1329563318
1320613594
1365533143
1331783375
1336695850
1323084190
1318681354
1318025417
1336515256
1318922723
1320203286
1318441170
1339210056
1403876326
1381147604
1322215724
1389397076
1323469586
1316175022
1321366032
1330992936
1321150867
1321604338
1318184298
1339909631
1317790202
1319394853
1324621574
1337912923
1323212305
1319661689
1331225143
1364106700
1323560714
1344933742
1317878072
1331808782
1323555128
1329313959
1321717993
1331402333
1321745083
1318973035
1392180464
1331088911
1316504556
1317370563
1319017092
1336132354
1321253474
1319934652
1320906596
1337809424
1321680299
1318183274
1321900448
1330887818
1322963804
1381998284
1324507039
1394344613
1342972183
1318853626
1322385451
1330437409
1326278262
1318843138
1317479798
1332193237
1321534062
1324187010
1324066911
1332246164
1318465602
1318931124
1341828231
1331261116
1324433886
1317255086
1322118855
1426193333
1322700401
1317032629
1317358794
1331200098
1346452964
1321777530
1321584778
1339653656
1318951683
1317949907
1319431589
1317145866
1325224722
1320250424
1316783192
1318013783
1330772896
1320655456
1332120521
1330056984
1324083105
1316784971
1315849984
1319598228
1317698810
1331013065
1348786050
1318701816
1318732166
1319414120
1321178768
1318849354
1322000135
1318167450
1331781666
1318718219
1321268690
1360811346
1319270533
1321162192
1318240210
1341004186
1320554938
1336551378
1332976299
1317028426
1321871693
1320305160
1328180066
1319783902
1320435986
1385985841
1321819594
1330248267
1318079512
1316826096
1319376925
1338420910
1321618414
1317313837
1490445047
1395809803
1347259972
1317360013
1321361006
1318808043
1318282886
1332477263
1322714789
1318711026
1320479149
1321686751
1317992768
1317878244
1321038605
1331664203
1317285144
1319689232
1316047576
1321965331
1318741627
1324560661
1316691470
1318119118
1318214766
1318292223
1317194987
1322120988
1317911078
1324794800
1315588525
1322680928
1343076071
1318081494
1319133996
1320348650
1317237034
1322237352
1318505636
1321712717
1321405950
1331123973
1322863797
1393588476
1322490041
1318106966
1319695010
1323967547
1316489473
1316839202
1317460773
1320267610
1317647050
1342130026
1319174452
1317187447
1320654908
1330703435
1321064864
1317617320
1322580078
1316737004
1332609903
1320686441
1331129654
1320714013
1320813958
1322090845
1321554541
1321214736
1318495023
1322489339
1322241607
1340332362
1320376306
1317764413
1322517015
1320543175
1341864619
1317072232
1318141482
1322726258
1385467879
1319024910
1328039468
1317443000
1498013448
1341538799
1322776695
1331644378
1323359783
1317914510
1321805217
1318508451
1339263091
1318777253
1318787770
1383299984
1320736798
1332237068
1331001552
1325620540
1320449834
1324315684
1336826928
1317780984
1312314704
1321374563
1320078282
1337044736
1320428413
1317032421
1324639050
1316942957
1338048535
1321476207
1320708942
1321588282
1315134410
1330161984
1321625634
1316512669
1321148486
1331946908
1337376250
1317025306
1329690019
1322519976
1323800761
1465681560
1321306365
1329087826
1318248914
1323575018
1332145546
1328696759
1317091580
1319705550
1320185787
1330655400
1321170891
1318081638
1318215367
1321320312
1317104398
1316928624
1316950943
1311715942
1332949471
1322455073
1320994174
1318470940
1318687388
1322075848
1318195846
1319091339
1311592072
1331445297
1323607435
1316986984
1319786964
1319066922
1317734583
1332751680
1317947704
1320040953
1336503369
1319308842
1316754361
1316624034
1315287533
1318019664
1318641850
1317172411
1319259195
1331674784
1317972252
1322448253
1317305270
1321925698
1330427424
1322368909
1318584148
1316784764
1332145664
1318095115
1317327236
1318642640
1338070642
1321820886
1316784566
1322702316
1330110300
1319024401
1316076522
1323177744
1336761937
1317658163
1320424035
1317403640
1337476890
1318445686
1320726184
1319368401
1331706258
1317738818
1318477343
1321036874
1345178776
1318174327
1322939782
