1920620858
1435903078
1431577623
1505310361
1452026400
1483235922
1451165969
1387318158
1421491888
1459752859
1431664518
1406817184
1389131849
1399559776
1413520613
1418493700
1396222665
1428581842
1397739328
1426419741
1437852687
1401731437
1369129012
1377336036
1431416645
1607037588
1370040512
1441390060
1378979673
1373361452
1356127844
1371536300
1370585388
1382838992
1433606842
1376201081
1393584093
1447801388
1372219214
1461196325
1375050715
1397767193
1438610951
1427282262
1353903256
1357450537
1407420734
1380633589
1351552278
1376060670
1440367940
1352073520
1344393550
1386072226
1355801336
1383872312
1396385858
1437259538
1354048550
1359833120
1348155584
1355010952
1351166652
1386163750
1361222651
1353422840
1427225896
1354789375
1386987586
1348838582
1429201310
1358664326
1415375254
1385805770
1418433366
1353513043
1407831207
1350215265
1366773101
1351078575
1356501106
1351276876
1354662972
1529959631
1457602600
1371208435
1344962464
1360232875
1372869321
1349873950
1352061922
1365385398
1428943231
1349071786
1352430891
1375106638
1355070325
1360923754
1345107352
1366232880
1350701416
1346271128
1350462236
1345697472
1355063032
1349614516
1394058620
1361405324
1378513280
1419594742
1354426540
1371500266
1379263482
1417055004
1358660899
1350906535
1344805886
1349673920
1365956970
1376316025
1345616789
1365832258
1350415638
1397197992
1395408125
1377231134
1348400726
1402600868
1392511564
1365759023
1355096268
1377651825
1343612130
1345833836
1350855405
1350843769
1345189616
1351669515
1353371964
1344344139
1356998072
1350976453
1343354605
1378015550
1408189095
1376019113
1350992746
1345123616
1480994201
1437348992
1350204900
1343063045
1352243591
1397209714
1344994560
1339808966
1338567337
1329136031
1361875686
1369052671
1406813379
1367844611
1356265651
1380117916
1343602230
1418653235
1353476995
1372560364
1417744479
1351235429
1354682216
1342084219
1350098677
1357582330
1351156530
1343161535
1353422298
1415215682
1352088642
1350532140
1353579766
1386942848
1338569523
1351922356
1339547562
1343507026
1409314125
1376082908
1348476356
1397862926
1347552781
1352109531
1355693756
1372623778
1371386442
1352426335
1409876666
1345896398
1363605652
1421125167
1338518475
1394492820
1343145704
1349195729
1355906238
1344853185
1342915197
1400723300
1344105009
1413705003
1342276143
1352862587
1359134125
1352516730
1427426862
1418165638
1376720200
1345285590
1338769202
1350538302
1412644252
1396695998
1433435668
1385659480
1376246280
1350547117
1375519804
1345443998
1349559098
1417646447
1350869994
1337786508
1349560658
1413475444
1353008090
1352639597
1354786101
1351136196
1335705387
1399926491
1371135675
1344349667
1332473660
1336507740
1370365254
1344795458
1331943301
1380651070
1337476243
1351627724
1352888951
1350518806
1345871959
1351567408
1366996827
1445572417
1370844945
1343871260
1337909042
1334925806
1333666131
1439390656
1393155228
1357191125
1333516024
1418425550
1356725623
1345101009
1340726720
1365906579
1338693096
1345732449
1381660598
1376184364
1346339199
1357481982
1430454318
1345116838
1338511917
1344286762
1374296255
1343085052
1343353861
1397975334
1341311156
1354451636
1338133505
1351184978
1343806161
1414178157
1352270451
1333114040
1354528137
1352040644
1338189026
1344587396
1335020953
1333280899
1361008183
1359299831
1333227164
1337721414
1329320926
1366674584
1365144965
1334985904
1335792434
1344983720
1354362782
1334331960
1350434894
1345509888
1337641676
1334090812
1329216786
1334492651
1343958336
1352563542
1349819064
1397464015
1334047760
1355533128
1382294254
1379682867
1339315573
1334245825
1328892540
1338093903
1339085991
1334988788
1376111745
1332979376
1344189344
1392654922
1345375226
1350105618
1337521615
1354777395
1418413579
1378136265
1337241659
1350946979
1343114972
1358552802
1346878726
1342312314
1339461748
1344754704
1328776411
1387063084
1339926926
1372848197
1328918869
1342844464
1358645808
1343586444
1333393752
1342901608
1338447531
1340596379
1339994130
1336377190
1335546783
1386726240
1343490016
1373630846
1337892410
1338485976
1344346099
1355888929
1330984983
1334657651
1338974284
1334279934
1328608451
1396593694
1333247398
1386340806
1333696190
1335544809
1338089769
1364668010
1370830913
1397865668
1339705858
1345137286
1329346755
1365035098
1338347395
1345840078
1328709587
1334203144
1328738167
1366516214
1344709963
1334521966
1342690928
1336410998
1343067329
1406493234
1335905802
1338718709
1333101316
1334411538
1344797536
1365220181
1356754319
1334354895
1335319121
1345546971
1347374320
1334234048
1333374998
1376136840
1336963357
1334431087
1334002472
1338095829
1338992605
1338735138
1360075559
1337682635
1333514465
1334720197
1335498532
1352669719
1344773591
1355164186
1333438214
1385432969
1334325624
1334282045
1354600312
1355270434
1333325477
1333496326
1331934462
1355722162
1333140128
1334468719
1333098362
1355087378
1353946606
1355382781
1338987244
1334664721
1343361085
1373941979
1364958157
1344377244
1339465518
1344587756
1333308888
1355772661
1406523543
1334153522
1333498163
1349393411
1342926332
1334696618
1333093933
1352922764
1339153188
1334355558
1328855960
1365681012
1333788252
1376719926
1330242283
1364988374
1346895135
1364051112
1328943139
1334571484
1332982971
1334467598
1340082062
1334987070
1334451307
1336219876
1350557677
1334472672
1394209635
1337072602
1398003596
1333482412
1333572834
1332282078
1358719592
1336465245
1330207872
1339282734
1325898530
1343957408
1344641388
1329963186
1412932497
1334661492
1336223398
1379461606
1328686628
1330888971
1337949503
1331482633
1333318184
1335275689
1342959897
1334184913
1324995487
1355456270
1425112537
1373418070
1344032362
1355557599
1332856568
1335882673
1326533927
1339730231
1328766429
1375964611
1343434576
1334279219
1340467538
1343414802
1359127271
1355170582
1397649860
1376269126
1339244189
1402378523
1333277116
1365322844
1331680301
1335297386
1351818990
1353137732
1332573842
1393915505
1355394937
1335165767
1331008916
1379410801
1334180263
1335642225
1335959037
1333950774
1336724024
1360347641
1334095712
1345396180
1336630013
1405126718
1337886401
1333289944
1334275876
1359004763
1332519417
1333804245
1335292686
1333004465
1344051270
1366283372
1330328466
1371384511
1394105065
1330811197
1334354355
1336026208
1338423092
1332570721
1334231666
1333934388
1339881060
1332968426
1379503654
1344390706
1417136654
1346041251
1334522631
1353341779
1401016819
1333048851
1334351299
1346470448
1334358198
1343025195
1333977039
1324966520
1415865497
1332877828
1372143127
1333304010
1366801050
1333420350
1339233201
1387211303
1333616723
1355517871
1334217857
1346508566
1333273326
1334407648
1330631427
1334237687
1330621240
1333014758
1328811942
1335144282
1328956447
1344274234
1331037935
1334707508
1332662520
1332064145
1333388902
1343902722
1364993388
1350673362
1333271031
1331952949
1335334654
1333205526
1355054876
1328778559
1335274490
1354883154
1333837423
1329007957
1338736348
1333150233
1334523336
1417058494
1420262802
1326160400
1334118654
1333315546
1334424565
1350224367
1377970088
1388684858
1334442250
1337636926
1356116630
1328729119
1337403609
1325874227
1339727530
1328964586
1334126617
1331211600
1360144582
1340464659
1336740268
1329011418
1354969958
1328598955
1335644528
1328895130
1334120368
1337497342
1337309182
1332977518
1384532733
1344532835
1333278498
1345330895
1343586343
1355516859
1333370780
1330923840
1329080075
1416025923
1333474442
1334193743
1333325938
1338531138
1344467618
1336342745
1375245322
1338786514
1333270972
1344100532
1359668750
1334570140
1333091742
1343299016
1335190199
1468657955
1333226270
1337267558
1338491739
1332729654
1333474405
1334748339
1335339385
1352043814
1333506107
1356364462
1329832594
1334146809
1333794097
1334655804
1334987655
1398748547
1333180342
1334614758
1333495813
1332071320
1334232205
1333837559
1336402930
1354269169
1357123660
1334488213
1338223900
1334626636
1334530371
1334712942
1337741941
1360785679
1330378618
1334841885
1335677818
1343707484
1328755676
1334303613
1354381605
1397460580
1341807955
1334462752
1325870812
1345248874
1328773605
1398335703
1330432202
1352265592
1338139587
1334236078
1334373265
1332681157
1362885148
1334661036
1341942594
1376563687
1338176858
1336522214
1352492592
1352369430
1330756620
1330529740
1334260510
1333343338
1332747622
1330541747
1345232286
1334440941
1339051520
1328824459
1343541070
1372929576
1376247798
1333380025
1352240291
1335409352
1338432390
1333143578
1365121630
1406816771
1354243376
1330555214
1336272818
1336620733
1335694539
1333265460
1334546431
1329737327
1338378586
1325541203
1332871292
1345615896
1353999480
1331962149
1398377292
1334269532
1335093044
1408092619
1382802027
1344211290
1333143594
1345637682
1326645074
1334401833
1332288250
1337654237
1328257412
1332054854
1333037493
1331883401
1326327214
1334328348
1342680434
1336740874
1331321853
1331825604
1333112935
1351016679
1375108015
1355468660
1330845269
1336970534
1334612584
1333509295
1330845175
1334859228
1331667459
1333178247
1331949010
1329974996
1334078364
1328707638
1334244315
1337681473
1351581024
1328734518
1334096231
1354384603
1334167887
1329782956
1350634892
1330617967
1332081669
1359449506
1334629872
1343082055
1436247738
1334727034
1333339996
1337360347
1336094146
1336357580
1328185239
1338779230
1328850980
1333475401
1328506845
1350735174
1325990578
1334007292
1329770596
1334708894
1343343481
1334478712
1375504245
1359554166
1406126327
1470224016
1358294088
1338999376
1333060254
1345000619
1338198596
1343232788
1426032967
1342013874
1331554368
1387336561
1335833725
1339659666
1343794841
1333300955
1333884529
1328987018
1331177053
1328828604
1345771404
1333021542
1337625812
1330527575
1344541623
1333617220
1331400002
1330389786
1331872270
1355356012
1353207527
1331003923
1331949935
1333907061
1334597442
1344647781
1333088428
1333610568
1336441431
1344188511
1387445904
1379257074
1408418269
1335624280
1334097754
1355245220
1335939770
1335843820
1343029210
1334323604
1352634754
1336884484
1330489650
1330807374
1338193956
1351619632
1333182029
1335800549
1341819767
1334300741
1374784496
1335020594
1333349595
1334570703
1334355442
1359336371
1335355347
1332566012
1329286063
1335944250
1355260442
1333611474
1328947504
1351716412
1325798372
1350587966
1334819924
1345737629
1337873594
1330851299
1352833347
1337626538
1328878766
1334185724
1351599366
1351054044
1330750872
1335983044
1329939235
1336859644
1343339716
1331495499
1329906836
1336738128
1333357103
1333728178
1334787269
1329210446
1335456572
1338837040
1333974140
1339210503
1330220617
1329058478
1335556726
1333823051
1328733004
1336029650
1343612015
1334218766
1328749992
1330795051
1333693260
1336182284
1334566801
1333217242
1329197851
1344277789
1328664024
1331928909
1330724958
1336323792
1333967011
1330857418
1333573463
1333226795
1350382544
1331627643
1327257151
1366457252
1328875629
1333924900
1333411716
1334371738
1333162850
1345946665
1328726276
1354857156
1328520032
1344484490
1330703821
1334586678
1329249546
1372616314
1391749756
1336266649
1371157614
1351282486
1333286140
1376388524
1333201005
1345714021
1325756584
1338099321
1339159273
1351168326
1330775157
1336292642
1329132719
1345137074
1330677656
1335757483
1332271808
1344374084
1337904431
1338889096
1335909999
1350779164
1377072462
1344305480
1343746151
1366351252
1329934802
1337758492
1329943379
1352449698
1329704207
1333758242
1334902736
1355890743
1377988844
1538920628
1372856848
1344535718
1336250358
1329587164
1334263303
1360697598
1339829184
1329011754
1337908853
1344637396
1359131007
1337135316
1334093098
1350037222
1336400955
1328489407
1334075042
1357738434
1336187815
1333162126
1334195513
1342926382
1335577209
1326030524
1334682286
1339962860
1355039998
1331033152
1334895915
1346148146
1336807838
1325442518
1335246989
1346583121
1365121994
1326203372
1330363282
1396693457
1486360554
1338573191
1344207186
1357963838
1344508721
1337861593
1331161592
1351354930
1330679076
1331301328
1330854046
1352518828
1332934948
1334259997
1342611348
1343154664
1333038926
1333227484
1325652975
1350723816
1333217029
1334149163
1342413176
1352987425
1329428744
1344503552
1422075183
1353646358
1328121018
1333822592
1330363700
1351812348
1328584240
1336842672
1346502527
1365087568
1329138008
1334527648
1333611426
1350069716
1333208176
1334134263
1333085268
1344490024
1329271470
1334159375
1333161655
1355193774
1333133480
1344417211
1330291120
1343709265
1325305384
1330994742
1331569732
1350392942
1328566336
1338518915
1334220401
1352156150
1335091576
1336120257
1329557510
1353426914
1335089056
1336418912
1326323231
1345263272
1330705328
1335980823
1328681505
1343829721
1328750292
1338454077
1332247508
1352419534
1404362880
1374661230
1328804140
1352671721
1330562874
1334404094
1332725381
1343670485
1325952544
1334181154
1328732346
1341160269
1333504294
1330819144
1335121502
1343849674
1331439473
1331412091
1333271808
1345879828
1330769787
1331035214
1328798712
1345737788
1330689800
1331162121
1330516904
1344291382
1333121584
1330956690
1330650216
1343617172
1334635639
1343847360
1328644851
1350496771
1326208664
1331151053
1334911938
1345183602
1333926203
1333943494
1329998071
1344674996
1343771672
1333072240
1329777652
1343928423
1338984971
1335982740
1349652466
1352656390
1328744601
1334442530
1334962294
1345122333
1334799259
1333939558
1330987579
1345600068
1330168556
1332007143
1330373768
1345743074
1343431198
1336406752
1330802153
1345939492
1331865832
1335687588
1359297579
1344305272
1333036360
1335846141
1330362284
1350958224
1330217606
1331090004
1325050539
1351370991
1328731180
1334109259
1325551791
1345795060
1325530168
1336879992
1333727016
1351544673
1333212167
1334206435
1333157908
1351931444
1335909685
1335819945
1333388276
1350995842
1330187616
1332051408
1333354707
1355304193
1333259170
1336256293
1332828573
1353359658
1328991492
1330733421
1326203296
1352382275
1325924555
1338573538
1328941453
1381140396
1370751481
1330805366
1333298334
1541303590
1333547730
1334406422
1342947610
1354671046
1329911454
1330623226
1333057426
1356875756
1333674035
1331705788
1350807462
1345459766
1396282293
1401279096
1343669902
1364217804
1336698424
1328585226
1334376411
1345693532
1334301684
1354167988
1338266195
1362992466
1418432171
1336917205
1343634414
1346669658
1330604657
1333644039
1334425208
1381338274
1335560221
1351250030
1337041080
1344608023
1352953826
1339090507
1334437550
1359259964
1334086352
1326189409
1335275307
1352373238
1331409082
1334789542
1334339024
1350721670
1333975457
1332654325
1337788466
1338121116
1372650578
1333660174
1328558496
1352023927
1333631599
1331823514
1333695017
1366264596
1329162124
1331431659
1329169279
1398476781
1333185201
1334723239
1333821158
1345106364
1338208922
1417970875
1331869970
1351785948
1330412743
1330951391
1416921118
1387556902
1332578908
1337278588
1326467856
1344947291
1328916285
1396705854
1334082847
1352271929
1332049795
1330762609
1336724903
1344131607
1333926187
1328441483
1334111486
1348571558
1331207936
1404002398
1344974943
1350304025
1331342184
1333246085
1334485094
1346883420
1334236545
1346538032
1418409654
1339501002
1333944784
1326445921
1334188550
1343578718
1344701124
1427630427
1337033781
1344937576
1331268897
1332897922
1337442165
1355863854
1335235245
1337739531
1329580158
1344425328
1330222153
1339573419
1343112733
1345985752
1333003487
1331183916
1333446632
1344199344
1331834712
1334332488
1330970282
1351530936
1333502200
1330456348
1343838458
1350636456
1336723762
1331501285
1330340948
1339885394
1414479176
1440723712
1336638184
1344005755
1332990132
1330669501
1330947014
1344278209
1330259369
1325526311
1330412814
1344773661
1331580924
1329681090
1334315820
1345340422
1344295853
1334740568
1335794552
1350773082
1334469200
1330432032
1330813768
1349707520
1331466675
1329794614
1336279178
1344009117
1334930424
1375645583
1331388889
1349783383
1331927170
1331870766
1333439704
1345159263
1333010343
1331589225
1330368261
1350697734
1330859208
1329977857
1326308349
1352506148
1330631962
1334220732
1328885154
1344333398
1325326569
1335776459
1330713185
1352873570
1330590910
1340174872
1333058330
1350697442
1350327436
1334204688
1333031995
1351489508
1330244163
1330826653
1329740363
1352052541
1330272698
1330915018
1330609114
1344489594
1330423004
1335916840
1327773327
1355316748
1347298070
1330825528
1331548176
1344142701
1333262382
1331227181
1405790149
1354385299
1328872412
1330602768
1325998538
1343992567
1330637544
1331271182
1356959550
1343776027
1327770103
1330972075
1333923326
1344397365
1343193410
1336201044
1328733786
1352376618
1333546172
1331218520
1330002513
1344371082
1335249990
1336614639
1330681479
1343737715
1330361002
1331128619
1330110498
1350914372
1335159917
1331204642
1343973403
1339875984
1334519253
1331532818
1333347934
1341484952
1334738559
1331620738
1329980420
1352940750
1330859836
1335796482
1338409284
1350434470
1326207153
1331511978
1350975508
1351285889
1417223054
1428078465
1328861074
1351136133
1330790744
1330433702
1335547607
1344488549
1325318732
1330410222
1325987447
1363451328
1325800106
1330165412
1327171492
1351803856
1330498621
1330399462
1334468832
1351648296
1330202848
1335826408
1333225097
1351803898
1335502952
1333329748
1330598980
1357125378
1343657117
1331766763
1329913686
1353647868
1334374622
1331085770
1330735296
1343622913
1329871120
1344039438
1325765934
1351913911
1333700585
1333937741
1333129655
1351138420
1325946608
1334569100
1433614910
1351013082
1337456470
1330955578
1325672440
1343947757
1333571402
1334123540
1329761482
1358530548
1333268425
1377677738
1333004846
1344750766
1334958312
1334044698
1330653769
1344357150
1343875087
1330090786
1330540568
1346042188
1334114035
1325875206
1331245050
1333667358
1334156013
1331488892
1330807398
1342974574
1334661507
1340143977
1334188546
1364008688
1336007793
1334767248
1334190604
1343284954
1334339394
1331879526
1328402228
1345019088
1332993938
1330714655
1333503904
1344268652
1333413137
1354958940
1330266862
1351127047
1333658769
1355159812
1333519828
1343697678
1328795520
1330926168
1330478881
1343561271
1338285125
1331622048
1330776661
1436970849
1342056590
1336618160
1330544852
1350994833
1333241134
1334941601
1330676470
1352183114
1330767856
1331345092
1329017839
1344961593
1328886648
1330748924
1336605551
1344314497
1330586224
1331436152
1329427174
1352177882
1413815242
1446618547
1333378943
1348868844
1335309804
1328881031
1351826738
1341860098
1330504209
1331389568
1330253321
1345291957
1333084514
1334166958
1328947727
1340758845
1380587112
1337672444
1330828914
1344929273
1330132323
1330692800
1375903437
1351627430
1333266722
1331450998
1333489020
1344603994
1329757525
1331113888
1396017373
1356472903
1343061272
1336522188
1326182227
1343686814
1329145876
1331866227
1333961300
1343803841
1330330343
1331906742
1333188210
1352148142
1402459076
1334466281
1354996734
1344265654
1351980532
1332162814
1325446223
1344789797
1324937204
1334040064
1334078516
1351764767
1330680155
1332581937
1330514339
1351776162
1334520337
1355300808
1329970289
1350190018
1355711151
1334461039
1330201888
1357161345
1329436202
1331150832
1324594288
1352372220
1353965898
1334273733
1332577236
1542118612
1325725574
1338420841
1412607575
1333983903
1334101861
1332921641
1338324132
1334790888
1330855413
1329628414
1352170660
1332993768
1331565832
1396524906
1393443410
1329621651
1336611922
1355223632
1343334164
1326581310
1331811978
1332743482
1338081965
1329427490
1330475380
1333346310
1343372637
1328819760
1334437636
1331286654
1342999012
1331984229
1331012534
1356186587
1349645741
1335693085
1330911496
1334422108
1340362701
1333327283
1333829775
1329053897
1350648216
1328792744
1330254802
1325665280
1346429718
1330764617
1331458357
1331047840
1352358244
1330522350
1438558040
1396563404
1353026886
1329075468
1335677338
1334210157
1357752843
1332735345
1343846036
1331158078
1337295711
1335531080
1349341856
1334198236
1350186831
1331161488
1342648468
1330483509
1343681276
1335606960
1330317790
1331977520
1343651050
1334361314
1329590459
1324916951
1357253873
1329740562
1333123815
1331955506
1351499839
1344778119
1329021494
1330305846
1343223845
1330698925
1329895900
1331717411
1344452827
1331812516
1330429746
1331388853
1337927795
1406553505
1325467010
1333873920
1339911232
1334634354
1329235570
1334272316
1339226779
1329431854
1324991224
1334224667
1345738644
1365070607
1333306797
1331004512
1350128644
1329534210
1334140011
1331588837
1351863731
1333210184
1329012986
1330403470
1351130686
1330799144
1334468423
1336372694
1354628422
1331736625
1330029045
1334056371
1350873306
1330850908
1330316502
1329201377
1351424742
1326254151
1331257623
1328435748
1352834238
1331008494
1331717220
1335304063
1460683479
1364149359
1335174893
1342876332
1351235546
1324199762
1329250395
1330090316
1343675148
1332917423
1330671382
1364726882
1343839858
1330241720
1334651460
1333372348
1342621434
1333232375
1330952730
1329217772
1352895406
1330216006
1338119085
1328164402
1344289779
1328813350
1333583845
1333534026
1350921736
1332918937
1334516029
1330254818
1343338332
1319488906
1355567222
1330975982
1352561828
1324862880
1331294589
1329521306
1351023558
1329856329
1333066848
1451151475
1347663858
1331279727
1326245199
1331594720
1338501089
1332091015
1330920625
1331211038
1345799254
1330583571
1330232144
1331326898
1346429350
1334365368
1326249928
1331427194
1351228691
1333915368
1325533966
1329199302
1344930558
1331635594
1329996460
1334168234
1342521587
1329809020
1325152068
1334139298
1330593150
1331886211
1330529990
1330588782
1343647104
1349541117
1335980283
1328472326
1343851361
1328156393
1330682899
1330712177
1352506590
1333683037
1331449434
1329541944
1350787405
1333236004
1331994967
1328217082
1342212318
1332869615
1334425754
1333527824
1350653935
1330114170
1331373362
1328824143
1352095135
1333343582
1330613714
1335124865
1345307623
1330093276
1333269368
1331391821
1346813105
1330897334
1328506040
1330575234
1345310414
1330648062
1329991598
1345063607
1344386352
1336987095
1333924296
1331168692
1340095906
1333731624
1329245688
1331818344
