2008218121 
2045496540 
1997551499 
1981012924 
1985757794 
1979820101 
1971302310 
1955453536 
1953943260 
1942427975 
2011059416 
1926441729 
1926627744 
1921078784 
1909392366 
1900745640 
1891469238 
1888125766 
1886636092 
1870292399 
1865558127 
1921243412 
1899606100 
1847776207 
1875142893 
1838215424 
953728375495 
1868815315 
1832490072 
1822525580 
1829024248 
1795835247 
1787430268 
1778013751 
1781211007 
1783397364 
1792190517 
1760492499 
1771008610 
1757571602 
1733800399 
1788435472 
1717975503 
1772106389 
1704225244 
1698959580 
1699081899 
1680637584 
1675468459 
1670433701 
1678269158 
1662502033 
1666695148 
1652540315 
1655792775 
1796729020 
1649495711 
1696279040 
1647557626 
1628391392 
1618091959 
1592703958 
1652882555 
1584196626 
1571594636 
1574272687 
1598307239 
1598517318 
1546546000 
1567594455 
1547069366 
1526907232 
1590421486 
1516964546 
1508596877 
1503110885 
1501337062 
1501339244 
1526359295 
1494601432 
1475948912 
1463398074 
1462000942 
1478774329 
1441238206 
1435982969 
1433275599 
1420964610 
1414657657 
1431985965 
1409111159 
1395712620 
1386806261 
1395455312 
1380341022 
1368788829 
1359937545 
1358311156 
1353475742 
1336261890 
1334427252 
1323968989 
1319442140 
1316366723 
1315111688 
1304800590 
1315937381 
1280841987 
1274395016 
1269216038 
1259483120 
1253573386 
1257457562 
1245025557 
1381620973 
1234402773 
1222944751 
1211201488 
1212473472 
1257679881 
1210551314 
1262927524 
1223881356 
1168861740 
1167894911 
1165922396 
1146520441 
1144550224 
1148014770 
1125572552 
1121687268 
1112470116 
1148886753 
1100142718 
1112688964 
1112679580 
1088471757 
1077301212 
1078686448 
1064003819 
1055583484 
1041040374 
1093912860 
1036824166 
1024608783 
1016170830 
1018138142 
1001605538 
1005658918 
987368842 
981926768 
1000823080 
965868828 
957607128 
954182342 
945856508 
946163929 
931879915 
950312468 
916232564 
911359963 
902213573 
896610623 
891880985 
908054258 
893062808 
879063882 
861501264 
854796698 
847294760 
847096383 
894495263 
828671791 
818793115 
818364541 
806493317 
800791301 
793741007 
784934853 
777600693 
768263658 
762861394 
763047785 
748745083 
752265543 
737106985 
741252321 
723217684 
713762522 
704744926 
746481402 
697431700 
684963624 
679758864 
672069914 
663308144 
697343636 
658263363 
651163006 
652423024 
629155700 
623617972 
625607900 
608690928 
602114403 
633978431 
591420663 
585784752 
574373976 
565992008 
559265996 
553388348 
550008056 
536793966 
546857869 
544676191 
516183112 
517099426 
513017128 
500894831 
490940874 
481304639 
475003709 
469902575 
466812845 
2578915632 
2550988857 
2540172869 
2531846048 
433669656 
2511528824 
2505893807 
2540695626 
2490518839 
2485528772 
2493942131 
2470967174 
2469002877 
2457267422 
2449952061 
339461362 
2430594176 
2422303043 
2427226378 
2411012830 
2430403029 
2398915521 
2397940564 
2402126501 
2385855756 
2410055197 
2360954737 
2351393812 
2344389048 
2338684465 
2346745493 
2325297996 
2317539224 
2309369870 
2301949913 
2297430612 
2288414860 
2286975723 
2276741208 
2286638760 
2317047321 
2262442876 
142873735 
2239723387 
2225813360 
2217775528 
2241024904 
2203988238 
2287097679 
2200431988 
2189964810 
2181203699 
66236252 
2162352076 
2148620196 
2141516886 
2154064165 
2151907855 
2123054319 
2120656015 
2121734068 
2108212721 
2103018502 
2103389480 
2105365990 
2100118134 
2103556588 
2087189719 
2074852557 
2071179538 
2066667695 
2056274723 
2123313870 
2052717607 
2035876538 
2050119500 
2027119282 
2015247735 
2006675470 
2002010114 
2005139952 
1987718008 
1981356641 
1984065084 
2026783316 
1961070852 
1958429305 
1945310555 
1955785275 
1934210710 
1922924192 
1917721718 
1910855741 
1903760728 
1897498517 
1890513556 
1880155737 
1877255271 
1868131065 
1877491388 
1854611620 
1865537644 
1841964516 
1834553356 
1842657448 
1818837501 
1814222359 
1804855032 
1818145634 
1793872568 
1808794520 
1806302188 
1789575172 
1771614588 
1825368574 
1750042339 
1741340482 
1734551686 
1745155351 
1724956374 
1738007864 
1707792417 
1705844739 
1692508490 
1702526158 
1678354282 
1685030434 
1667556124 
1657750988 
1672611242 
1645914730 
1637071661 
1637049123 
1623786601 
1636713433 
1608026093 
1603040591 
1594034393 
1588325272 
1625707746 
1574229286 
1616282982 
1575546206 
1556193794 
1544795614 
1540509653 
1547024275 
1598594636 
1549459020 
1519014467 
1531632143 
1534586035 
1522146005 
1485800160 
1476810689 
1469550062 
1463189613 
1456225344 
1448475576 
1445861621 
1449463313 
1426477950 
1421630558 
1442342861 
1405845125 
1412875164 
1393733681 
1384785633 
1398623036 
1379107308 
1372674224 
1356023001 
1362405317 
1343749106 
1410529206 
1329992698 
1329674557 
1330332951 
1360016317 
1301588746 
1307662463 
1290186376 
1281125176 
1284219712 
1292342073 
1259055279 
1251420922 
1290043849 
1252320861 
1228775220 
1223603821 
1220120160 
1217040216 
1206362746 
1209749070 
1186778011 
1183198620 
1186472092 
1165937259 
1164486652 
1158700436 
1163998724 
1140538476 
1131424038 
1125499359 
1151223302 
1111486930 
1167393054 
1123651041 
1092191505 
1082252258 
1077041340 
1073923044 
1061888945 
1056742414 
1060374856 
1041686560 
1036367826 
1031651594 
1018975504 
1017412658 
1025042603 
1062277239 
994121183 
990198352 
1011384116 
980755539 
972637294 
975631962 
955212537 
953140256 
982936744 
969954031 
931692045 
923634672 
928046740 
956808473 
901413013 
916904378 
888986114 
880207874 
891795866 
873370674 
865191441 
854764522 
849743079 
844597452 
860819556 
830412534 
825778954 
816306842 
812093346 
824404897 
801613491 
787629942 
787513716 
792559072 
767644116 
761531308 
765137607 
768375985 
749206564 
733323504 
726128002 
729679979 
712495582 
714965710 
700440961 
691457295 
705530306 
679263392 
669570723 
674078617 
658050554 
649745224 
650791734 
658115423 
629078012 
638280385 
645732868 
654110104 
640573311 
595244725 
586283991 
612127667 
620475864 
565637256 
557114272 
560778963 
543019752 
548612680 
539167656 
522739894 
515262742 
511194776 
502238544 
494098002 
488803930 
479856754 
474070545 
468978300 
470485442 
451225897 
2540690589 
2530428169 
421376959 
2511283067 
2505045473 
2496424473 
2489567455 
2484575478 
2485776552 
2468850433 
366888186 
2446975923 
2442325056 
2444182717 
2433183177 
2421164770 
2440243053 
303739173 
2405415000 
2384543095 
284409772 
2427169895 
2360766514 
2383315048 
2343205277 
2414884502 
2330311249 
2331685923 
222865632 
2300974624 
2294522496 
182486196 
2284171699 
2274207475 
2264887444 
2254378524 
2250065172 
2245457286 
2241826386 
2224214427 
2216279474 
2318153501 
2204655942 
2204613420 
2190651049 
2181786379 
2183054983 
65329770 
2153468192 
2154611401 
2140584624 
2131344838 
2128245557 
2122078282 
2119877733 
2114396581 
2107937892 
2102257898 
2101282642 
2097493532 
2091151384 
2085544097 
2094193380 
2069245872 
2065089415 
2056727732 
2047587932 
2042783221 
2036218115 
2029673672 
2023518832 
2015167071 
2015606976 
2002560476 
1993090494 
1984874844 
1992449868 
1972570208 
1963517256 
1960299976 
1959640975 
1942788164 
1937010823 
1931385650 
1985862234 
1917487916 
1908561372 
1936443385 
1897321871 
1887876604 
1879454621 
1877234939 
1917053604 
1882942694 
1854166022 
1845501334 
1841727207 
1849314480 
1850625411 
1817820972 
1832634791 
1804954964 
1796384405 
1790560348 
1806505049 
1802387319 
1839426510 
1762680438 
1763312715 
1750780460 
1741897456 
1732037334 
1728216242 
1720226537 
1711780664 
1716466172 
1708474896 
1866815926 
1749745110 
1680338773 
1682221623 
1667251290 
1661827081 
1648555936 
1692776041 
1638207967 
1628282591 
1623142228 
1635701776 
1607943920 
1603393244 
1594306913 
1593818712 
1597892733 
1574286108 
1564995240 
1568246942 
1560651767 
1546819503 
1541344188 
1539741065 
1522278784 
1519328917 
1510262481 
1549716417 
1496346870 
1505282704 
1481400088 
1484806363 
1467424274 
1460772228 
1455358006 
1446376479 
1438172130 
1434901428 
1459139003 
1426203655 
1412799662 
1409085175 
1397352569 
1392147609 
1383584510 
1375077112 
1373642944 
1362439205 
1362955564 
1351417479 
1342363013 
1335435695 
1328211994 
1321104012 
1331372751 
1307130756 
1303847413 
1294332852 
1287104788 
1278128736 
1271564452 
1267019680 
1257513008 
1259673083 
1255410883 
1238623250 
1252034644 
1224258466 
1226103773 
1207976354 
1203074318 
1193888409 
1196166566 
1205316842 
1175643605 
1165017611 
1170654614 
1153751982 
1146001903 
1148101460 
1132785210 
1124874772 
1118382448 
1118728260 
1105294820 
1100591654 
1089692949 
1090943022 
1078415384 
1069312794 
1061216828 
1065848708 
1048680142 
1040069248 
1035056064 
1035015893 
1019679032 
1014918431 
1005600410 
1007099004 
994621752 
1021109189 
982650309 
1036749956 
979182638 
963779661 
951499093 
943351912 
934358952 
954639270 
934143328 
923380048 
957280650 
901020801 
906592710 
908573648 
917065729 
900450213 
881641541 
860514720 
851015277 
845527069 
846084528 
831098988 
825205044 
816343848 
818642814 
814695544 
808295021 
795091658 
792340871 
777013453 
767221626 
761740604 
754000216 
745416556 
742050001 
742412510 
772011076 
719753156 
721940380 
713667764 
699283316 
690118334 
682529286 
688092843 
669868812 
670515696 
656236181 
662377736 
641136449 
638230875 
626755157 
637017848 
615299740 
616335540 
597827206 
593987805 
585479222 
579779184 
564532726 
555886066 
559356253 
542734676 
536861698 
538223192 
531685537 
513785476 
508982789 
504587440 
502647995 
555171285 
484361875 
472738781 
476746543 
464855385 
459219941 
2567990220 
2547271379 
2540347079 
2530475324 
2533076996 
2518556642 
2510479781 
2504797136 
2503274703 
387716140 
2475188456 
2466971592 
2470444173 
2454920372 
2446103901 
2440974251 
2441247584 
2425830152 
2426231486 
2411774509 
2412367894 
2399936545 
2391297666 
2391301310 
282905524 
2362626898 
2357072704 
246717300 
2336820548 
2328230479 
2345513412 
218739069 
2307866990 
2294262018 
182222392 
2293221593 
2265743934 
2257334330 
2252412879 
2253146772 
2236647732 
2231675397 
2275544829 
123878990 
2213987252 
2195713768 
2188659364 
2251607816 
2198145106 
2170654284 
2159878326 
2152562801 
2158334916 
2139279156 
2131403416 
2126577961 
2122717125 
2126680155 
2113031135 
2107338166 
2104862720 
2099238878 
2094572962 
2087770575 
2081300303 
2071575696 
2125998052 
2085445359 
2055424534 
2046593534 
2051519764 
2047258514 
2036289577 
2021908493 
2014440406 
2006065373 
2005555543 
1993230508 
1993278272 
1979598416 
1981846385 
1969145196 
1961086783 
1956355250 
1945668476 
1953748591 
1946125007 
1929018552 
1922042522 
1917832615 
1928231368 
1900491508 
1894831136 
1890313300 
1887694368 
1886504800 
1866334184 
1859852260 
1855876742 
1844982443 
1837540915 
1833583512 
1837299878 
1815987449 
1822434838 
1805606550 
1803706414 
1790517318 
1808023562 
1777418986 
1811083428 
1761937598 
1752212484 
1759764676 
1740615758 
1732354903 
1727225108 
1722268304 
1714217934 
1724409266 
1698537392 
1691332515 
1697014514 
1677752346 
1669686076 
1666292162 
1656700578 
1649516868 
1644498242 
1635765596 
1635568231 
1635296471 
1682645534 
1649942806 
1614496676 
1600573554 
1585934964 
1580902174 
1580971558 
1565433782 
1569974798 
1551237334 
1560797779 
1541298897 
1607353145 
1523394289 
1525058450 
1509037342 
1511470569 
1497223419 
1496796922 
1479979016 
1484998876 
1490843200 
1459848453 
1454754029 
1455599547 
1440829684 
1433772850 
1425939179 
1426270893 
1413876369 
1405702157 
1396471632 
1400601156 
1384419942 
1384435078 
1370751678 
1370687666 
1354451401 
1365416332 
1342084270 
1342341040 
1328329390 
1332255011 
1366451912 
1367402452 
1304672724 
1293250881 
1286622518 
1287091844 
1269754945 
1278503694 
1257557839 
1257698230 
1249070144 
1237105409 
1228184400 
1230971963 
1214863278 
1207990329 
1204649398 
1204026266 
1185648544 
1266047761 
1175222016 
1173840805 
1159815725 
1161266484 
1145292877 
1139578582 
1132341468 
1125305742 
1127243642 
1109639894 
1103167753 
1110467182 
1096940152 
1081218264 
1077127891 
1068210271 
1068202919 
1054657316 
1048169194 
1055751034 
1041860840 
1025539834 
1018770559 
1014015628 
1013702753 
996413320 
993397793 
984219082 
984844989 
971130952 
964119357 
963865253 
949970076 
946236025 
934518334 
937960551 
920685092 
914321274 
908936470 
919120194 
892593287 
886512255 
879981502 
879943275 
866860269 
857235347 
851277245 
861878457 
837746902 
837068976 
826879323 
824884853 
807987454 
802660069 
796308420 
804531446 
788186286 
774152973 
766645923 
769398816 
752723354 
744198905 
751900978 
735616276 
723938463 
719806185 
720405772 
703765915 
698183100 
690683638 
690929249 
678067878 
669006394 
728376213 
671246079 
648730636 
640074857 
635475495 
636535862 
633578889 
623997700 
605340318 
607626090 
601976194 
585312898 
576924321 
571746050 
564769710 
556264682 
574764960 
542282948 
537032476 
530458510 
529471057 
513519208 
511974296 
557580760 
502025192 
487471062 
480691165 
472033938 
477129285 
459027947 
451704845 
2553578827 
2541920498 
432688779 
2532658602 
2543350953 
416349432 
2503094833 
2487739200 
442110174 
2475253966 
2461893578 
354263795 
2453175055 
2451087286 
333388905 
2418962592 
2404015484 
295113825 
2390646985 
2382505085 
356460288 
2370741406 
2350750488 
2416902636 
244222496 
2347724328 
2315664972 
203610929 
2302877131 
2286472312 
2282699118 
2280107573 
161655977 
2258062954 
2243979194 
2250404187 
2231703814 
2222996154 
2222423182 
2234113334 
2202502288 
2195688563 
2195810518 
76172972 
2167738216 
2178205076 
2150881732 
2157597660 
2161761865 
2131746717 
2126690056 
2121572190 
2116904407 
2119967602 
2118095184 
2113205801 
2095717740 
2103917927 
2085332184 
2082945607 
2067825124 
2073274345 
2069368503 
2046931612 
2041650856 
2048647378 
2026996563 
2034544419 
2013503478 
2012733724 
2001208311 
2000429580 
1984847295 
1991382116 
1980878356 
1963555480 
1968694143 
2007367742 
1942436118 
1938212762 
1936964901 
1922023036 
1916719068 
1916342955 
1908726306 
1896685306 
1887116098 
1879041498 
1881691887 
1867376796 
1860568326 
1853592425 
1853081564 
1837832502 
1894436035 
1847862805 
1824155628 
1812687697 
1802950782 
1806388494 
1790946296 
1781329560 
1772782868 
1808085479 
1779085750 
1764787484 
1747082853 
1766413540 
1732445338 
1727744270 
1718103120 
1720014691 
1707476325 
1697702188 
1689036247 
1695107872 
1676909584 
1668332534 
1663425634 
1665120683 
1732600995 
1644704908 
1762136256 
1637545818 
1622807305 
1613574621 
1604743364 
1609772146 
1592781811 
1584192584 
1589731083 
1572275156 
1563714378 
1558093894 
1560706346 
1542775862 
1537300345 
1540847544 
1544495596 
1525375202 
1508290660 
1500146860 
1509301189 
1501132758 
1481308037 
1480153136 
1474132999 
1460160393 
1454864191 
1445334985 
1445416700 
1443232336 
1450158047 
1417463761 
1412320984 
1403402274 
1394426608 
1400518533 
1383129273 
1387375974 
1369404592 
1370781444 
1354081275 
1350016200 
1345258994 
1341990990 
1328457444 
1319885040 
1312378831 
1319239798 
1299448595 
1300780768 
1284800025 
1286689856 
1270633069 
1273145356 
1268176608 
1257914530 
1244117650 
1235502169 
1226989672 
1222834424 
1214132484 
1207610805 
1210533496 
1193684668 
1185225660 
1182127269 
1183112720 
1166165875 
1159947974 
1161486400 
1152306280 
1139720091 
1130070492 
1124504182 
1127157910 
1109897561 
1101026332 
1098139147 
1097631468 
1080784095 
1075332165 
1077501552 
1068538961 
1054538158 
1046649361 
1039976681 
1034079803 
1025520696 
1018331769 
1021752859 
1005446028 
996689048 
991347244 
1000637613 
979906102 
974107434 
969044156 
981407027 
954925383 
950622807 
941354937 
954492763 
928952114 
921502408 
911895396 
917130539 
900194482 
891248741 
886406772 
887930545 
870892028 
865696736 
857194760 
849522291 
843954024 
854959789 
837864082 
832137659 
815451812 
808872398 
811628367 
794745167 
786168628 
785903348 
782714829 
778172698 
760781574 
755248769 
754119918 
739986088 
731648152 
724456414 
728330471 
710490332 
701816006 
726246593 
699591265 
690060379 
676753404 
670874385 
661288846 
665339361 
648525762 
649412000 
635288525 
634995257 
619470640 
623469568 
610097680 
616510092 
592479755 
594440696 
586705307 
580128917 
562878642 
565586103 
553422152 
548292401 
543512846 
543914889 
531194308 
530012332 
514177064 
518254061 
500952570 
500789460 
487240972 
491140988 
471662120 
466164312 
468054698 
2550064565 
2545818941 
2545132994 
2530370246 
2525385194 
2517560127 
2519611174 
399759633 
2495746908 
2489737945 
370246920 
2462922074 
2462227890 
2446554137 
2441859772 
2432884717 
2432555165 
2420787623 
2412590108 
2412284935 
2407602364 
2390185757 
2388613121 
2378714344 
2378105002 
2362878676 
2356509630 
2357812121 
305102448 
2328520376 
2336636060 
225000242 
2299512264 
2315157407 
2291833549 
2340827369 
2273644521 
2280779759 
155675706 
2243827540 
2244697871 
2230366828 
2223282873 
2214679009 
2226297609 
2201052994 
92312126 
2189232991 
2171990433 
63095532 
2166214705 
2145899789 
2140052938 
2130949988 
2142690037 
2116848335 
2112710893 
2107209209 
2118007784 
2096290448 
2097018283 
2086558029 
2095268091 
2068638254 
2062471962 
2058861270 
2047846686 
2041921362 
2032812653 
2036095635 
2021971876 
2012589327 
2004032932 
2009433958 
1992089339 
1984500672 
1978416415 
1980936140 
1973522580 
1957728882 
1949148466 
1947354789 
1945791076 
1935557089 
1929965269 
1917171710 
1908105070 
1899635628 
1903299870 
1892080622 
1887686975 
1873919796 
1884453852 
1858567142 
1853414242 
1845494027 
1837019758 
1877803381 
1839704404 
1828945392 
1814944691 
1809735446 
1803886594 
1804463749 
1794134997 
1782544342 
1775535822 
1778172064 
1760884937 
1791887216 
1758197168 
1740591918 
1731565075 
1727624383 
1729677778 
1754891620 
1706886735 
1697350982 
1699354401 
1685062090 
1677552028 
1738466901 
1674573597 
1656674116 
1647853465 
1642467821 
1635148540 
1626454860 
1621127223 
1623493108 
1614191142 
1600683956 
1591795379 
1593471955 
1588828465 
1571334824 
1562927103 
1569082655 
1550814805 
1544175690 
1540399312 
1535009072 
1533638993 
1522993468 
1525259360 
1509115498 
1508801912 
1498111206 
1497011159 
1479738839 
1474137293 
1467705353 
1470698762 
1453867537 
1445095313 
1439720080 
1433608779 
1424783182 
1419252948 
1423650972 
1410047540 
1403426908 
1424782485 
1468474352 
1385247321 
1446077841 
1380109906 
1366643493 
1410830068 
1350202626 
1349550302 
1332564985 
1327939361 
1320583713 
1320044399 
1306997220 
1297996014 
1292031250 
1294356065 
1276828234 
1270472420 
1296956274 
1256615245 
1247650812 
1261730448 
1246834064 
1271374592 
1226125731 
1216912409 
1208775639 
1210701495 
1193057832 
1195826061 
1181439219 
1174101052 
1165552496 
1169239536 
1151864474 
1143355857 
1138169739 
1131318884 
1122141768 
1118821480 
1119096456 
1101533558 
1107315886 
1089102614 
1107725726 
1075956711 
1066762559 
1090072044 
1055796901 
1047577360 
1037337885 
1043041769 
1025921706 
1019601326 
1072905184 
1042275735 
997246034 
991695375 
987774006 
988033540 
974175573 
968972738 
973293071 
954735753 
949769074 
941085693 
952547772 
994639617 
986547133 
912423200 
908353732 
907996884 
890741292 
893832841 
880218444 
879263448 
865631697 
894956586 
850420547 
845409789 
836343773 
829319256 
826441446 
814500696 
816344602 
803737233 
794716896 
787349221 
789974323 
777173336 
765115767 
791414964 
753574387 
743764543 
740779349 
748746303 
746915358 
721016595 
711195750 
711119976 
698795628 
690535618 
680241815 
677251981 
669770153 
660085817 
665601595 
674374592 
640418627 
635799923 
695722976 
618833736 
614160151 
610492845 
597148208 
591670757 
585049519 
585039632 
571239948 
562584048 
556100542 
561465635 
542349408 
542453344 
528438320 
521542928 
513178936 
516301761 
574806705 
494895085 
487469721 
487206052 
482157174 
466988555 
457903832 
457368605 
2536887788 
2537183144 
428787572 
2555668541 
2507678813 
2504437983 
2487759580 
2482550387 
2481994210 
373927103 
2452688259 
2444827186 
346785429 
2423446884 
2427800942 
465331264 
2398364272 
2402618620 
2390022260 
272920218 
2369225839 
2365022188 
2347610101 
2341300879 
2345386351 
2337858460 
2318481112 
231639030 
2308382778 
2293988346 
212931076 
2281532737 
2264567294 
2255648482 
146206361 
2235012828 
2230441167 
2221088148 
2222832209 
2209620293 
2231000842 
2210822072 
83731489 
2171711069 
2175414001 
54395758 
2146106328 
2137981956 
2131789894 
2125895644 
2121591196 
2125187601 
2111288726 
2105548076 
2100227800 
2102730726 
2089243716 
2089112784 
2072353417 
2068436984 
2063624920 
2054175500 
2057129156 
2050121035 
2034558696 
2024404660 
2030225526 
2012192573 
2003818766 
1999285634 
1992557362 
1991943364 
2004685772 
1979234949 
1996393853 
1958495638 
1949550322 
1949674651 
1937701645 
1937306833 
1921778393 
1918102900 
1913963940 
1909473784 
1907622704 
1895271961 
1886427785 
1886273219 
1883899128 
1866063032 
1857619214 
1860768135 
1845034710 
1836299568 
1831026133 
1840415906 
1816370238 
1811727964 
1802173266 
1794659344 
1789578626 
1780704164 
1785687632 
1769728476 
1760121620 
1751505799 
1758319464 
1740082725 
1732442693 
1727223830 
1718927540 
1717984226 
1704512816 
1706889800 
1690547032 
1693220493 
1675733964 
1669436897 
1664406352 
1655022750 
1656978836 
1643421898 
1634741302 
1634561248 
1631224724 
1614299116 
1605537594 
1609695547 
1592475121 
1585300145 
1580821338 
1580656432 
1563580981 
1558350908 
1549115270 
1552793913 
1537981505 
1529166748 
1520910877 
1525590061 
1508024716 
1499670546 
1505351728 
1496123580 
1480444228 
1478097833 
1477039020 
1467448317 
1453630568 
1444542342 
1437698390 
1432545462 
1425371318 
1430167319 
1412523182 
1412035851 
1395112327 
1390171673 
1385045632 
1374880116 
1369343400 
1361390252 
1352938220 
1347885215 
1350420700 
1333008572 
1339097455 
1319385004 
1324132256 
1307786904 
1298215632 
1297981609 
1285382322 
1276634508 
1270400604 
1282660723 
1257396205 
1251587596 
1247164185 
1244393616 
1227274293 
1233737757 
1215378268 
1214655513 
1202591916 
1194543188 
1194668622 
1188725699 
1171605704 
1171868558 
1174424650 
1159742529 
1142890919 
1139941873 
1130628525 
1121972488 
1117158729 
1122982141 
1102404150 
1131523641 
1087742006 
1082565788 
1076627528 
1076340440 
1075305359 
1054743547 
1047431286 
1046735614 
1034684372 
1025293076 
1016432958 
1039316976 
1004628663 
995941875 
991153659 
989441283 
979211048 
978250299 
983290122 
963204838 
960073732 
949198785 
942237562 
934448729 
927911672 
955259472 
912933046 
916387712 
909859510 
892329472 
887678019 
877881165 
887450522 
868008530 
862826880 
861606092 
849555376 
843823135 
835832009 
853682114 
824120969 
814993668 
806499186 
802855456 
793990900 
785070744 
797098608 
774090373 
764735727 
759912200 
752776930 
752569475 
739480790 
808217810 
2892839168 
712639673 
697590738 
692664467 
6991071220 
