896690672
882887322
884557867
874797297
871298364
864680572
865454340
855141528
850784287
847220012
842568244
838085432
836208962
832316059
824228453
821676172
820350421
811617015
808040498
802682780
797655436
800264798
786838104
783993462
779512782
779878600
769596880
764987218
763722788
760526938
752261931
746498908
752321444
741369314
736857778
736945457
734321037
728837751
720085530
717256524
705731814
708918232
701360064
701903296
693398433
690712345
687784512
676676860
675036196
665742280
666158872
663883990
658004330
643264934
640694672
640795660
635502271
633881667
620634272
621469772
617516529
606488041
602072460
603469486
597452505
587260480
585463880
582758980
576950730
570016372
572247935
569754048
556965596
559640172
555172171
548353799
540208505
532635660
533405735
528419993
519730162
516055880
511495456
503659200
504183500
495098110
501661204
485298368
487102197
477927000
473420443
466387565
461117252
462308944
453004159
2551611780
2558514680
2541064088
2540229596
2536675880
2530000424
2520679804
2522254652
2512209800
2514179287
2508899664
2497675672
2495025848
2502345300
2490748384
2482613515
2481502084
2474690540
2469445323
2467261500
2455153900
2452392271
2455345568
2440874192
2435651004
2436620979
327349312
2416417404
2424150323
2416633152
2410171281
2417086063
2397744276
2391294636
2389546976
2375362830
271533192
2362786929
2356834554
2360346048
2355252824
2343059291
2345607096
2334527424
2329648626
2331548210
2320289112
2318187683
2318808515
2305701792
2303327768
2309136714
2296125252
2295585404
2291004804
2280539417
2277739797
2277067969
2263816986
2265106297
2270864883
2255925791
2248007867
2247858518
2234182042
2229970372
2231551212
2219760364
2214020651
2223450980
2203328969
2197897988
2203259400
2191000585
2187401292
2200664996
2176455161
2172792868
2179612705
2170431168
2157816040
2164563604
2148346544
2143943792
2150393072
2140598474
2134539922
2126509019
2120684708
2117522991
2112450531
2108898889
2100093056
2092256600
2086147959
2097503773
2084170289
2075849715
2070745194
2061843728
2060102345
2050265475
2052066079
2049884664
2042520833
2030869547
2026886985
2020569708
2015787713
2011653676
2006131838
2001719639
1996565396
1992224417
1987476780
1983434870
1979170654
1971614712
1967322399
1968447384
1958726966
1957768421
1947878920
1949668656
1944119372
1945436792
1929635471
1932802749
1927778261
1912475186
1912275179
1905131080
1902376154
1900614105
1891671788
1883435638
1880117674
1874522061
1878342732
1871483425
1860766945
1860361954
1853300654
1843684066
1836360470
1833019684
1830832000
1825927944
1818011776
1812020420
1808251483
1803491208
1803295836
1794782784
1787989658
1785706741
1779966503
1772427081
1769179032
1768442933
1757015700
1753581639
1746359560
1758062266
1736267612
1739539367
1729998018
1723603510
1723749190
1715423409
1705675760
1703146328
1698752881
1693261819
1689813024
1685043188
1679391808
1674619632
1671868044
1668920506
1663665660
1657791835
1653264312
1647897488
1648752570
1645900414
1633532359
1629583832
1623835648
1622503944
1618560761
1621784096
1612872852
1608250628
1604769412
1600875843
1594447024
1592985536
1578877126
1581063044
1567138897
1568086676
1561562524
1554218847
1548720173
1549570828
1545966201
1536805929
1537505388
1528299812
1521226296
1516471517
1511403290
1506096268
1502814920
1509724584
1492319480
1494655376
1489537788
1478594090
1482433971
1469285008
1464886495
1466834810
1459135168
1453138384
1446462317
1440539688
1434847682
1439006394
1426923267
1426999437
1424639664
1414791992
1414320494
1410999388
1400136784
1391215488
1392549920
1383007686
1376667940
1372101220
1370109612
1364256880
1366670332
1359582456
1350466408
1351071076
1340665457
1336521952
1331891808
1325964168
1323604332
1317393660
1313890596
1308799256
1304964236
1299718644
1298059792
1293676596
1287850363
1287356289
1285269566
1273241110
1268136342
1277647966
1261811201
1265467908
1262085180
1249509428
1245459132
1237472326
1229208197
1223297198
1225420268
1215975888
1216996310
1207002866
1201646682
1198500540
1194631976
1188009804
1183342332
1180531520
1177079719
1174445736
1166138736
1164200498
1160212476
1151210989
1147727198
1142090303
1144389692
1133929179
1134391013
1122136668
1118817780
1110621580
1107062916
1107288872
1101116296
1102726178
1086977389
1082993084
1077240604
1072659066
1070704168
1062863532
1064059413
1054690976
1054324873
1049202701
1046520960
1036493031
1036054504
1033883590
1027860078
1029198280
1014880036
1018620303
1014167128
1014215488
1001615236
993910053
983093991
980137204
975681011
973532835
965127648
964743193
966657984
958437300
947812072
948452566
945524659
934280582
927427696
925243118
924742712
913643250
914533480
906493598
898935440
907979836
892367388
897453568
888369457
877995286
877154104
872002424
865867396
858784010
857592452
848282160
844505229
841433449
836301945
834283729
833255143
830254579
818789244
814020036
806489968
801080558
799819222
790329752
792728568
785459600
783685560
771930096
769508408
764089964
759614870
754213343
751240875
748596492
745136328
737515667
729925775
730528756
718995142
714331831
711226864
707140644
702619276
701919816
698172647
688214239
687290617
678645880
674100273
671237240
663948788
664037304
662119577
652331204
646991576
639747269
634067126
629403743
623741008
619816892
618673600
617499640
611575120
601587271
598987010
593897576
590007524
587491176
582669752
579396721
578126600
571847768
559974031
566040064
557904497
549823289
548556491
537200689
532436849
529650477
524507053
516635081
511659071
504110504
501999529
502025440
489613304
491738884
481497564
476590020
481284783
475346724
462485184
462908184
2552808620
2547282060
2551070249
2535932258
2534850264
2526736863
2529004252
2520468304
2514775240
2526951148
2506246694
2496500870
2505653124
2496781434
2484543992
2488226853
2474001708
2475952300
2479444736
2467214598
2461928063
2462489820
2454915456
2444692100
2447628808
2442585804
2427049284
2440406412
2426206756
2418754407
2418245100
2406588401
2399845231
2407377210
2396630324
283652066
2374502148
2370092884
2372305296
2359443457
254351405
2367844182
2352958477
2341905613
2342145460
2335487672
2329176138
2333575379
2321192944
2312332840
2318071604
2299295892
2303414872
2299888779
2290969136
2287511345
2280076851
2265870644
2261483276
2267265220
2258098569
2245333480
2250321908
2239705622
2236178405
2236327815
2222209528
2220848420
2220622622
2213916512
2209597116
2208288975
2192907304
93201771
2185076635
2180716379
2177098448
2164341636
2160828224
62979953
2157287552
2143912546
2148127744
2132259348
2124862796
2132430433
2124697665
2112612727
2112912784
2102496592
2095455658
2100036820
2088244447
2082884989
2093481959
2077576088
2074474626
2081280586
2059499617
2055595095
2058138922
2042784142
2034287360
2040385752
2029166982
2021325354
2024864956
2007946068
2008449237
2010371076
2000366144
1995786976
1990379494
1977806584
1977725452
1983853522
1962819232
1963320749
1969198417
1951327105
1947078224
1948986170
1938560344
1928319762
1930108586
1924726417
1919975988
1926337072
1902603388
1897482958
1900716503
1885822925
1882835908
1884572216
1871579944
1865996788
1868619248
1859305717
1852715692
1855490113
1841556466
1840056086
1842730196
1833804964
1822528564
1827151568
1814895928
1810018075
1817717608
1800669356
1795503484
1798746520
1788231460
1783034308
1786391656
1778251958
1773999465
1773699988
1759729618
1754110513
1755281753
1742535152
1738135604
1741655988
1737604168
1725784437
1727967500
1715503407
1710019696
1716062192
1701183572
1696118669
1697524212
1687051321
1681421092
1683961252
1677366399
1669668338
1669909746
1660498607
1659474187
1659190897
1644038896
1639074860
1645944591
1626653936
1622258156
1628451328
1613935760
1607611680
1613427828
1604441924
1595141784
1599847912
1588469408
1579982579
1588074104
1572045524
1567538473
1572663232
1556987741
1552945296
1562239616
1547597163
1543901984
1556728408
1535916381
1525862953
1526249528
1519718336
1510069048
1518951776
1499196592
1499889398
1501475528
1488128397
1484142807
1491005996
1473850612
1469590660
1473358736
1457531195
1461339251
1451785563
1446728119
1441802305
1438416841
1428388181
1418690361
1421366926
1409358587
1402595572
1407594398
1400884820
1390494200
1396157304
1387329375
1374884579
1389365036
1366754368
1366254008
1364283768
1359627108
1355057160
1357069276
1339124647
1332108736
1336125168
1332696808
1380804188
1323231057
1308519984
1305121448
1305331540
1296965088
1291148280
1299704358
1284266236
1276127187
1278367363
1266966680
1328779539
1266101336
1253022813
1245496104
1251413576
1235338230
1233320361
1236956764
1224715592
1220930144
1216981026
1207648816
1202654216
1208491336
1196450616
1192288735
1191735636
1182683754
1176427052
1179001370
1166569628
1157007047
1166428481
1153798199
1147171583
1147472165
1139217736
1132058884
1188241008
1121209692
1115327280
1119826400
1107392664
1107365164
1104321744
1092913484
1090107019
1095183624
1080070964
1074213532
1076539656
1063910272
1063682376
1063374947
1050271163
1044444208
1047682204
1037668440
1036466162
1037128977
1025882226
1018369746
1032182544
1010190620
1003976810
1007626217
1000188645
995664673
994955237
980487736
975333357
983882148
977263568
962321580
965510232
953051231
952863436
958150139
942752068
934111731
939845939
927137408
930262089
923718515
909520052
906388040
906562652
892275472
888815822
892793220
878909956
874834982
877075828
870298948
861761104
863694244
851983266
846771196
850751146
840650068
833721660
838919236
824079588
826633676
824423832
823205431
810396464
811332555
807092632
798574063
803219036
786484008
787897096
789365996
770026800
763240308
770648697
755615599
756703904
757110720
742292340
738480580
753228212
739337260
730843134
728821196
719793056
709759904
719400460
705517836
708874376
698092164
684953478
679778156
685143828
680488492
665009940
671079168
657927344
657559936
661446780
648122412
638675491
644975337
633836584
625829991
627209300
618386620
614786675
619880860
601666028
598422468
607664410
589910626
587838121
595089232
580025304
571724458
577531643
562587716
565370940
561568520
549713815
550627416
551214560
534677588
531375976
533817019
523296312
525193268
519050832
509048636
502619709
506824956
503203084
495119570
499418409
486641252
475115280
481945900
470510733
461047794
473836016
458349052
2546673772
2562657368
2540957481
2532955579
2547293360
2533889967
2523692273
2524666420
2508645328
2502200608
2504502996
390339248
2492032384
2479892612
2476379976
2482893512
2474653928
2468039346
2468444463
2453897807
2447484587
2456656394
2444572188
2444962728
2442356240
2428748844
2424230253
2499350388
2418923876
2407542232
314450996
2399883776
2393758832
2397601878
2379601465
2377579848
2387259052
2370744724
2360464732
2372136644
2358409288
2346799395
2350284615
2346785592
2331805312
2341968640
2323272899
2316428660
2319688956
2308821336
2306475484
2313085056
2297367377
2291421796
2296797344
2279908352
2280668796
2287457307
2266443444
2261563027
2276581829
2261182162
2251872450
2259199728
2242121284
134295104
2228070828
2226578948
2233596408
2213844632
2208397530
2214366975
2197695899
2194544216
2202200192
2188230660
2185641773
2183538160
2168209464
2164321548
2167239477
2155829698
2155446110
2157789328
2144202612
2143817616
2133948396
2129707230
2123106944
2121931011
2119233953
2106264775
2108309259
2102489788
2099390577
2091792944
2082400782
2078213026
2077552680
2073176939
2066907633
2063936192
2058730877
2047235344
2041833012
2042394584
2031958549
2030672834
2022013371
2026045423
2009962374
2004425834
2000399946
1998222786
1989479352
1989776179
1984930388
1976281645
1968760955
1962057831
1960478708
1950439324
1953425761
1947506056
1938530253
1931530152
1926619692
1923017168
1917963428
1912343844
1906931608
1903968424
1901944807
1894175328
1894402362
1890697981
1878434205
1872825194
1875387852
1871745150
1863950178
1853052428
1846791906
1847929545
1838469059
1837857344
1827000792
1828193813
1818434758
1819123296
1809835164
1804082508
1802337707
1794976822
1787338962
1782343600
1778396039
1772401966
1778127835
1766336579
1760941536
1753569173
1754378112
1743725233
1740511380
1735764101
1735073746
1722067476
1722206504
1713568844
1713223328
1704837244
1704186747
1696582291
1699880894
1692009220
1679951363
1681300136
1673752212
1667315830
1662893930
1656763138
1651486719
1648326796
1645708808
1638698917
1634672504
1632809852
1626483335
1621670395
1617122598
1618422537
1613268828
1606617258
1599985158
1599716076
1598108472
1592092088
1591437584
1583314968
1578123556
1567676649
1562624044
1562415155
1553311983
1553523640
1553323660
1537717601
1529549002
1524542243
1519245756
1518114800
1508413544
1509603760
1500000985
1499502844
1494054870
1482570684
1478568184
1474322348
1468084940
1464206864
1460153891
1457245664
1448878828
1447579315
1437371976
1433278284
1435195732
1430633912
1424991222
1421918248
1409486468
1403232708
1399078106
1400307956
1395260660
1388363188
1381513460
1377790232
1372363488
1368352757
1364756831
1360674058
1361321760
1351407594
1346870411
1342526439
1341842652
1330085008
1324809908
1320772509
1318480968
1311601840
1306654032
1303970584
1300949612
1293856117
1290158432
1283863776
1280025412
1276226760
1270586820
1265661620
1264743864
1257084776
1252709204
1248595500
1243020600
1240640187
1235589689
1232851980
1226469192
1221300051
1216061498
1212805096
1212116072
1204179516
1200299356
1193948511
1190325006
1185455709
1186158420
1177300315
1170891264
1165091772
1162648959
1159512188
1151714448
1148974832
1142691113
1139751388
1135343032
1135746684
1126597744
1122001371
1116823536
1114744351
1113826844
1109183988
1107861620
1092802016
1092820435
1088702181
1077122745
1072589076
1069995682
1067632930
1068530348
1053632139
1047586440
1042820293
1038812584
1043379466
1035372057
1024674876
1020496632
1014537501
1012492362
1017308628
999751008
1005211796
990262784
991937940
994930320
978848108
972491658
967030536
963251076
957848092
953822652
948135828
944841328
941122176
935913003
930941040
926584274
924660476
924172692
914677058
914059878
910794320
901211273
896660788
896838796
888715151
887076056
882498547
876808876
867591764
862239732
859499060
853560680
848512348
844561120
841247728
844366200
831906524
825772187
830148350
821056992
812113664
810377372
805137064
803744360
799179351
791791468
785622286
782222401
777222500
782145700
767311748
766667297
760648984
751979564
757101284
741277460
746658696
732231363
733265592
722298899
722640860
714407625
709352765
705632702
700176048
696092360
693077328
688768513
683240715
683004903
690869457
667054576
670342334
657060208
652761754
646939097
648707947
638988692
641116895
636836532
628305104
628616236
625189728
617766485
615980188
614767363
604870749
592470645
591780812
583844858
584886931
576390731
574353885
608057593
555826628
553635024
545013772
544140972
533902584
536183382
527197727
523893242
524623699
507942568
501689536
498571791
500712870
493805984
489801712
480083633
480358196
472405203
473233764
461996170
463180138
455588483
2562953932
2546685924
2551999308
2552034120
2538587308
2527678788
2534120108
2528291722
414859790
2515030896
2509482280
2499395825
2497775100
2484194818
2478950379
2483907002
2468240883
2463061308
2470396672
2455510812
2450332596
2453343616
2443190262
2437644383
2441502904
2426936884
323818080
2417073736
2409428624
2415084242
2402515396
2396762309
2404416532
2394908662
2383069818
2394136870
2381345648
2375094280
2374135412
2366506040
2358696976
2365667364
2349940771
2342850848
2342593099
2329572483
2323519506
2328457712
2313921381
2308388672
2311767244
2308831456
2306819268
2301639408
2287736692
2288068382
2285993776
2272531116
2273014840
2273951700
2259505373
2254071961
2265058473
2261240167
2256651492
2251179009
129579766
2228797746
2228752779
2221068143
2207492979
2216174423
2197975078
2198492738
2209867170
2189791499
2180863660
2184784775
2177539075
2174869245
2169168184
2156216237
2145508108
2151710193
2138021496
2138067788
2142710440
2125209552
2121139821
2131112067
2109499066
2105815516
2105815436
2091823288
2086133356
2091587603
2079955871
2072271460
2088344818
2061250452
2059590544
2062978424
2052982264
2047070822
2047048001
2043726100
2027463277
2040108636
2016859845
2011956091
2016890512
2007599472
1996021825
2001148200
1989370780
1984063780
1987855196
1973098105
1969884336
1972468640
1960141695
1960099748
1958477384
1943951248
1942733087
1946400104
1933509123
1927630892
1933045456
1920444041
1916369194
1915859405
1900648443
1901574507
1904968611
1888965855
1886444903
1885088908
1870532156
1865301004
1875419864
1855397344
1852287460
1855279104
1847001052
1835950192
1840186500
1827815960
1821251636
1825499821
1812191153
1811015885
1816661286
1801750162
1794110115
1804632974
1785237699
1774816668
1777984232
1765326592
1766877960
1767965396
1757138716
1746860641
1750282177
1738147411
1731814256
1738453872
1722355904
1719094919
1723868624
1709203499
1709908764
1713129544
1696221732
1697033667
1701446788
1682136432
1681728928
1680846132
1668093952
1660314717
1666663398
1651724216
1650111600
1652114896
1637655117
1631682520
1638000707
1623655115
1620331776
1641682864
1608145812
1603965993
1607445190
1599296764
1589006504
1592038916
1582603776
1576236840
1587526720
1566821200
1572990028
1566084369
1552374918
1554860027
1554450024
1541323581
1534934908
1540307522
1530310332
1527823656
1531847043
1513587896
1508338540
1514131127
1501164952
1494448417
1494774652
1483119038
1477912814
1478625428
1465146231
1460163453
1462130810
1447867145
1442743549
1450285104
1437241616
1430394566
1434821797
1419062126
1414675820
1421312872
1416547187
1399274108
1402506462
1390669952
1392493616
1389947441
1376578324
1376869108
1376539194
1364630788
1369953294
1364238148
1349586416
1357986568
1352792306
1345643453
1341767411
1342140288
1317365126
1315969703
1314490272
1305859452
1304314852
1313195080
1288697652
1283796700
1287084248
1273868054
1269016668
1277316947
1259355652
1255204332
1259931380
1245199624
1240531473
1250148632
1237663023
1232812868
1229941768
1216980384
1218362992
1216988027
1201589575
1195697465
1204093126
1192858388
1184010260
1187842525
1178370550
1169230840
1170329132
1157498828
1153459736
1157803235
1143622806
1138071060
1142099966
1132285408
1126585092
1135376272
1117494070
1111426764
1119301716
1102350026
1098437365
1106518860
1093876409
1086566866
1094151803
1075658901
1075757672
1079329954
1059600148
1053054028
1061744182
1050888854
1048121610
1057618156
1035564404
1026679896
1033696800
1020249383
1021793938
1021803236
1003150617
997341695
1010569896
995450708
992370096
989240712
978119453
972998129
970454392
956046336
952285912
959676764
942751012
938220560
955385776
931046744
925250076
934345948
918258596
916833523
922271314
902861309
899857488
905562364
890824128
889647456
891302328
882341864
871307752
877796804
866151741
853900145
859505844
849088912
841513890
841912022
829179637
824663662
831012384
819769651
809525161
819207354
798585345
793117728
805473656
784728448
786038736
790047900
776469713
765877599
770844218
758206807
752507915
754428080
741125696
737831508
741392264
728006184
723092196
728724428
715596496
710137660
714530992
703086524
697792736
700836532
687631572
684167708
688667940
674697420
669359904
674743294
662634088
657071620
661654048
648224752
644182857
648683708
636362656
629509860
634838718
621227896
618471592
627245812
613626570
605068895
610707756
594257391
588707062
590021516
577855358
577906756
577557124
563417992
565411795
561864398
549957107
550040036
551094490
540574556
534240488
533846988
527387034
516584029
528481908
509311128
506902544
513067898
502230999
495499556
501213752
486519462
475954291
487163912
468850532
461184956
468615448
452719593
2548154957
2552908496
2540227800
2534287360
2544373204
2528353376
2526348176
2532363728
2518981664
2508127931
2510703728
2501194403
400152921
2485980405
2479826817
2485034789
2471664765
2466517300
2478308599
2459723097
2453564000
2457172032
2449487884
2444737448
2442643400
2431838348
2438522448
2445192421
2429596565
2423915800
2419830898
2406117772
2404758692
2414187284
2391290165
2385300010
2399118679
2376686700
2540083217
2377989800
2376129106
2358921588
2351192371
2354073487
2344038037
2344841232
2342040418
2328710257
2330307828
2328928492
2319293471
2311703903
2315508310
206594488
2289645274
2292360409
2279963510
2276589197
2278796472
2264996932
163355596
2252849884
2247426068
2251322939
2239215368
2234492714
2242513904
2224807240
2220385275
2223188324
2210925258
2207059620
2209323011
2197904873
2198544234
2198408580
2185365496
2185679097
2197784288
2175711223
2170084637
2173139008
2153642142
2153750157
2159311609
2143046403
2140922244
2128781108
2122485312
2122051720
2113090478
2111463956
2104092942
2096997005
2095381132
2089364972
2085010512
2081793020
2084408686
2080204343
2066785449
2067430504
2056690072
2052441968
2046473874
2043735176
2040311987
2032759004
2027937646
2028843909
2017435804
2018806332
2012200608
2003890679
1997275100
1992080172
1991208324
1990996744
1980756676
1982185940
1970039339
1965312594
1959112281
1955456216
1957278154
1945675388
1938034884
1939093979
1931286504
1924551924
1918650374
1914613663
1909081052
1906927772
1900091392
1897512596
1902532300
1887504203
1882544912
1878637258
1872308385
1884572832
1866261578
1860743692
1855481901
1854752508
1849227320
1848646810
1838323672
1838357367
1834730200
1205531852
1202978250
1191564280
1192879760
1194452764
1184151906
1179265056
1181033343
1170037043
1162666851
