2480556940
2453704824
2450023618
2444375242
2449405772
2430822498
2426101475
2417310499
2420041286
2405092526
2403016038
2388992417
2394716476
2376189751
2371413386
2366779666
2366445103
2346777738
2342150549
2337996474
2337468824
2321238650
2312524200
2304827926
2311489604
2292042418
2283223452
2279229730
2281179730
2263092864
2258026000
2249214265
2251988764
2235306536
2228048792
2223914158
2226585783
2207881182
2200160446
2202589954
2197608802
2178846012
2172927082
2164996112
2168109164
2153479958
2144648436
2137127528
2146330921
2123864974
2116418293
2111519058
2116412950
2104993900
2101390866
2087754928
2089828632
2076003516
2071177685
2066671086
2070756876
2053185765
2047947607
2039913654
2042425122
2028093226
2020747482
2010815872
2017200236
1997590576
1989634282
1985404844
1987258880
1968750392
1964406299
1955884480
1952194711
1955002598
1934871404
1927105332
1931946636
1917187734
1907919021
1902845542
1903141314
1899175248
1880147458
1871622088
1883969806
1859160712
1850970334
1842816834
1850064506
1829418726
1822219286
1820632361
1829736076
1813343522
1800052254
1788173628
1800343048
1782585908
1766515422
1761325663
1775059884
1750178492
1738527060
1736655945
1741776580
1718124439
1712085232
1704027720
1722856197
1694410694
1683040610
1677222366
1690537137
1661735303
1652726516
1648838518
1664865600
1636257183
1627894938
1641244188
1699288400
1705963274
1602254572
1590561692
1596631302
1577715464
1569729080
1569165695
1569542320
1549017768
1543472628
1538736421
1538133998
1522835138
1515053101
1506744357
1519766803
1497257440
1485921954
1481222042
1484592340
1463813934
1461700897
1452183886
1454071348
1438764690
1430759944
1422711638
1429635090
1410817376
1402068424
1398232840
1399247702
1381100054
1375914512
1368988100
1370782083
1354768720
1346707326
1338261216
1343660520
1325978794
1317820800
1347913238
1315528342
1299270697
1292271540
1283969760
1283050046
1271569921
1263567687
1253959976
1257322036
1241868426
1234026412
1229135388
1232340926
1212817190
1207846892
1200249490
1212383562
1187450232
1178858257
1170895602
1177865230
1158002802
1149994858
1145018299
1156560284
1132392858
1124050648
1116022888
1119801246
1104541020
1099855890
1087310857
1094240502
1074096408
1065593932
1061316848
1063027762
1044872800
1039538465
1031863832
1034265844
1026678568
1045449004
1005942353
1009870050
990247910
982048390
980354279
979119158
962853794
956439998
946094642
950631052
934964616
926938796
918710054
924736352
909236012
897885150
893372158
904947688
876991056
871705954
864104248
877194426
850477452
842900352
828486208
843086926
822402674
813765048
809241998
814880857
793070884
788092178
793638326
781737656
767371454
758916976
750915108
760807628
737967715
731506538
726867728
742917636
715109102
708081610
702876333
707359378
688660398
681849290
674979510
676772692
661712946
652660900
645349920
662149665
632540071
627405506
620243598
632671928
603788100
599455804
591150478
602857186
577677110
570122803
562572788
563716266
548596572
540694734
539157012
548441631
519516357
513467996
507219282
510529565
500362920
485790044
491972200
492785958
468026786
2557379610
2552290891
2564309777
2539659715
2531101241
2522989040
2526426740
2508798584
2501905228
2500136730
2500273346
2481125718
2466698064
2468248626
2470535504
2451757387
2447320750
2438744014
2441700222
2426382427
2418128596
2409253816
2415788810
2396985026
2387131213
2383645284
2386325680
2367763316
2363000997
2354763898
2365601565
2341198679
2333577084
2326118622
2331498632
2311459027
2305081818
2293851583
2302359702
2283969516
2279154735
2272137003
2283430708
2263576868
2249781284
2241852041
2247383828
2228855850
2220357875
2214429586
2218515004
2199979276
2193481166
2180354778
2189442828
2172691428
2159607400
2157602758
2169009532
2143690173
2137057869
2131621843
2135267776
2132127429
2112172928
2112150706
2116516695
2101735372
2094810368
2087901979
2100909162
2075911814
2071096362
2064669396
2071416682
2052391749
2047783980
2039789429
2042212698
2027335560
2018801810
2010679324
2016471876
2001019242
1994570394
1985009580
1987580464
1968558618
1965767066
1955807152
1959876176
1941842963
1939704574
1930290048
2022744760
1921413198
1914371752
1906052866
1920979216
1892701415
1885308352
1878690662
1892359656
1863331376
1859407520
1850857004
1865043288
1837813068
1830647362
1821848068
1827175420
1809036804
1798803954
1796137390
1798421858
1779397452
1774402144
1767215323
1779794300
1754277158
1758253816
1738012932
1743951264
1737171348
1717220710
1710820108
1713849326
1696013260
1691137386
1682977868
1686693532
1684626094
1662481484
1652866894
1659147884
1640512596
1633091314
1628525240
1633265848
1618102676
1609656246
1598804409
1598248404
1586313774
1583218398
1578114292
1580421575
1564113684
1557123432
1548734744
1554546442
1535858668
1527986606
1523269248
1535245645
1506441436
1502498810
1493958914
1500666212
1480154856
1473033966
1464444515
1470430010
1451776912
1444392208
1439389086
1440844522
1422595444
1418257512
1414326882
1422270754
1397158808
1389261667
1407016088
1397945724
1366225584
1360237800
1355445174
1356372270
1339470706
1333702942
1338552416
1329586556
1312941236
1304564924
1296907516
1312144740
1284679624
1274385998
1270844602
1273035912
1261149054
1251715024
1241793996
1245444508
1230035850
1220882640
1217601434
1230247644
1199987546
1192090608
1199990411
1190668922
1170951964
1166178822
1156380185
1171724703
1149081869
1137102184
1130758148
1144523794
1115845354
1108031215
1103811040
1105403334
1086481522
1082692022
1076651644
1075984646
1060865078
1128246836
1051606154
1050550118
1032028298
1024536492
1027254366
1020948058
1003147646
998218400
993100522
1036781796
986246772
968929491
960957588
966499838
947172152
939543108
934113958
936707142
918872352
918977116
906063186
907798598
893218546
887617218
877169884
895399223
865186952
869886770
851028188
852715454
834790368
830272220
821530237
889787896
885363354
808294138
795529518
798277240
780007806
774376578
833185502
770575632
750971220
768315778
820783776
741554896
725124278
716921298
708761838
766848686
695791143
688077670
683239284
695463234
667219910
661840166
653664992
656100298
640409710
633195510
626229130
631081076
612010925
605467670
599204486
602581394
583039605
579303610
577628636
569371114
557431082
549017268
541381538
557409478
532268216
519825794
515053641
516964215
504911444
494062908
485188324
487239568
473443544
464773594
2556936942
2562361394
2543809176
2535580753
2531621160
2533537120
2515412056
2510032492
2505491870
2518944929
2487772662
2535528163
2474567666
2479334148
2459996116
2455591458
2461177808
2480448216
2473305236
2435007996
2416164576
2421345789
2404607214
2398135708
2388498462
2394446356
2375363694
2373435000
2363245042
2365306592
2368983418
2342351781
2334356339
2345569994
2324838386
2311569230
2304645716
2306287214
2295538634
2283647298
2278777524
2282578170
2263253056
2263710612
2248257696
2252842380
2237265558
2232037830
2221134248
2235762140
2207763894
2200108832
2195023817
2193867298
2178833528
2187027599
2166108096
2168126170
2153249486
2150253474
2134537002
2148607976
2130430516
2124236658
2117565961
2124654774
2106166594
2098181411
2093733994
2097879836
2084045198
2077603262
2073364456
2078490250
2127511188
2056761775
2047613574
2060052450
2036670409
2027277650
2025174926
2035274134
2020785556
2006114364
2055823632
1996110064
1976759410
1969245004
1964317088
1968916196
1947679762
1946980520
1937088008
1936639302
1921528386
1913940146
1905709182
1911946459
1892956858
1885381492
1880040619
1892482090
1863588799
1860211968
1850870804
1863454562
1836658352
1829747750
1820504740
1837887014
1802192190
1800840848
1796708676
1797700255
1779607765
1775219569
1766746002
1773546562
1752304872
1744484626
1737562420
1743280284
1724521070
1716428850
1712615005
1715322559
1695904994
1690982768
1682574560
1694969613
1672813862
1660972148
1653203234
1659174698
1641147454
1632094210
1630004347
1635711276
1619636855
1611765724
1606790686
1609352280
1590599154
1586398901
1578015610
1598362578
1608743920
1585938178
1563096214
1562551458
1534570842
1527346188
1523113898
1540607883
1509564556
1502219604
1493562288
1506398488
1480890542
1472573032
1491289849
1469227256
1452034380
1443780380
1438548534
1440276414
1421569674
1417854994
1414363300
1411808984
1397968815
1391695424
1380558814
1400671888
1367761652
1360074848
1358755956
1366118994
1338740866
1334936258
1324478782
1328150742
1313304412
1304307714
1296952492
1302990914
1283961168
1275123745
1271036134
1272656604
1254674256
1250117404
1241989166
1243967418
1228810982
1220519982
1212844020
1227963736
1199748078
1191334848
1187302160
1188946396
1171171958
1164602806
1159851774
1162187298
1143907888
1135518390
1129404554
1138044080
1121729722
1129478024
1192425894
1203224078
1099755770
1087184264
1082603368
1084218170
1065727742
1061157244
1051768772
1065076160
1039994499
1032228962
1100973620
1039178862
1011042488
1001659446
997427625
1002725812
981792874
977492180
968525472
972565432
959824951
947834960
939382528
945009466
926842401
922173905
914157684
916070082
897876424
919361498
884815308
897800984
870989926
863400536
855645186
871347332
842923178
828179193
830024945
838774748
816817781
808776413
800913686
820703272
788085576
780260940
776604862
801389430
761291756
750378589
746218488
770338154
734546686
723647296
716823510
744269132
704164218
695858192
687771684
705068765
674690894
666784374
662354460
664950409
645721420
640712397
632910928
647584208
623270602
612212351
603994415
619362730
595061570
582686954
579805258
587848820
565799028
561604232
556424588
562859096
540500672
539212842
527428252
543918714
514380333
507094422
498918264
524771163
485975942
477607790
472484758
479475232
2557048388
2555554114
2543532225
2545969825
2530968589
2522904700
2514630884
2519337384
2501905690
2493842874
2489508200
2489725512
2472744481
2468195422
2464292544
2464699460
2447103826
2438642746
2430792826
2436480309
2417990287
2409457214
2405137899
2417390306
2388722612
2384101674
2375284414
2379845156
2363279392
2358222089
2345483167
2356145758
2334918572
2325680982
2321283780
2323457204
2304739873
2299727670
2295623022
2296443180
2279494296
2270945584
2262985852
2269968578
2249289975
2241323944
2237378821
2249316106
2224676614
2238262249
2207726070
2220214112
2193777722
2186914520
2179346352
2186723658
2166045474
61958762
2144937274
2149658130
2132184092
2124796200
2120134008
2124003738
2110065364
2102328510
2098316681
2103887422
2091418034
2080900994
2075187224
2081304948
2065796903
2060246773
2051841596
2059200475
2047171906
2032247554
2028423928
2033606609
2010573679
2006054826
1999201757
2037821980
1985079502
1976791326
1968891954
1974909252
1955972343
1950424138
1950018226
1960340878
1927056405
1922562069
1915233672
1928210824
1901445344
1891196124
1884631164
1891628448
1871627080
1863710850
1858905618
1860867290
1849921281
1837243186
1830315640
1831970664
1817004650
1808388496
1801039586
1806258069
1786253960
1779693456
1775023716
1786448894
1759248208
1758376790
1745406950
1756117583
1733497532
1725067838
1717349308
1732953804
1703683072
1700178790
1693922627
1703381386
1675011096
1669989192
1662115456
1663579872
1655339688
1640777884
1632251944
1641513637
1620091380
1611961102
1606958376
1608739754
1591082793
1586219940
1576222492
1579691014
1565262304
1557523725
1547207128
1554519578
1535611682
1529789598
1523590448
1526378515
1505139860
1502088396
1494121630
1506418915
1481289248
1472558182
1464927494
1482039418
1458828286
1452016038
1442093160
1449606422
1433064082
1422741351
1418278092
1424746654
1405065200
1397971629
1389009512
1391787996
1379411554
1367987338
1359954934
1367033376
1346750448
1338778915
1333835874
1336237624
1318472374
1321616114
1304726152
1306909778
1292175785
1283912288
1275612958
1291567507
1262822746
1254962774
1263665556
1266145970
1234141381
1229273280
1220851519
1233458021
1208275190
1199810318
1191315867
1198674374
1185057900
1170835067
1168646771
1168492820
1149895152
1145278156
1137039876
1139810344
1124207224
1119180200
1108101943
1113357006
1094910104
1086827912
1082107362
1084696846
1067446542
1060837640
1052999678
1054461266
1039827330
1032357506
1026311240
1030370370
1023608288
1003042794
1000789612
999795868
986202850
977274010
968777280
970760488
956296788
947772166
939734925
945745992
926866620
919183486
912887200
916884812
898097650
892670294
885010039
888390556
874739768
863899200
856034776
861438206
842548242
836767746
830245550
831694026
813104930
812276084
800643312
813180843
788426015
779943538
771652165
778827010
758739866
749448870
745560313
747528952
729322938
724775700
715174110
719293964
703378721
695751490
690171098
693150208
675154314
666539097
675140648
674145811
649151786
641488136
632977264
635275832
619018089
611699992
603812610
609952284
590765243
582982668
579566590
595333800
562225952
557377394
594124084
556475362
537108804
532254022
520191372
536956004
506903262
498073828
492372636
497764610
476447752
473234728
464340825
2617390548
2552079574
2542502524
2536094942
2542123278
2521366525
2518478180
2510655533
2512102938
2493410078
2489166102
2480966530
2483281488
2466960174
2459954662
2451831376
2457120232
2438544438
2429313725
2426147479
2428147550
2409784510
2403659062
2397156352
2401732642
2384236658
2375663770
2367920640
2373376754
2354908651
2347159620
2340535338
2339794316
2325969664
2321255474
2306225098
2316923155
2299938746
2291190820
2283708046
2290442294
2271022806
2262840002
2251755815
2270609120
2240451298
2236050942
2229162774
2233476782
2266765136
2395608334
2276452230
2209017818
2186250502
2182057055
2177181978
2187599932
2158330006
2152169554
2149751996
2147915628
2131816644
2123442936
2117059158
2110658892
2107455221
2096561846
2093517093
2088935039
2081717354
2073475515
2072090992
2066545614
2060853294
2051634288
2048283820
2039617850
2032057300
2027104840
2019214326
2010891513
2006152334
1997985831
1989869216
1985267634
1976654392
1969209920
1964178896
1955469464
1947627032
1943262032
1934965628
1927153334
1922374324
1913891860
1905734231
1902238420
1893021418
1884962070
1880261454
1871921014
1863672718
1859421536
1852810748
1841487581
1838606554
1829675532
1821915630
1817177608
1808774812
1801034254
1796265116
1787852464
1779211035
1871737058
1978547456
1758945882
1754046100
1746010692
1736302740
1733249070
1729275320
1716965979
1712526590
1702115590
1695920864
1691342997
1681635146
1674980934
1674747618
1665654456
1661315216
1653769432
1651823520
1640939682
1632580525
1629762026
1625596330
1614831085
1610061901
1606176876
1598988872
1590767053
1586286524
1577679044
1569776808
1565349688
1555823812
1548221864
1544219714
1535784656
1527888124
1522160508
1522075846
1505534344
1578160305
1493550559
1491869108
1481439774
1472602412
1462827386
1459882525
1451624864
1443904956
1439052926
1434164168
1422857088
1416518940
1414745649
1401926382
1400967024
1392657626
1381104714
1382277472
1367812766
1358146970
1440150642
1350313830
1339047481
1334389084
1326095096
1322678578
1313669008
1305066770
1296893342
1301224353
1282760100
1275030530
1274987296
1263035502
1253484092
1249677475
1234402418
1233030820
1228977984
1221852132
1212876408
1210290368
1199657106
1191874248
1179734425
1183956958
1169533524
1166198698
1157729002
1148602318
1145394400
1135248614
1128949652
1122672184
1116462743
1108187528
1104758836
1100477814
1094889412
1086524127
1082340833
1073846830
1064590089
1065002439
1052120815
1045390214
1038748396
1035287231
1027189473
1019038238
1011132170
1002709600
997405578
990046612
974898460
1631779736
969140572
963354336
967773346
951867526
939804510
935126762
933001996
920938002
913887322
906106424
906998818
892512982
887460958
876815702
883958976
863905764
855460774
851145596
852977506
835215998
829938728
821991402
824703010
809251761
801300086
792410430
801340742
780002080
772059974
767101210
771940544
750595708
746279598
738359564
739861674
725271172
715885916
708458854
723417482
695667478
687774465
687729360
681373856
667223310
662255120
654148542
655179816
641379108
632929496
624894180
639869297
611837400
603922056
598663058
600156336
583206372
579838307
575551918
579862280
567926846
555898024
548985968
550428644
535805450
528082686
522231522
528282864
506898456
498563396
494316460
495924315
475440213
473294898
465060332
2568611932
2552663892
2542153380
2536314548
2541427238
2527967163
2514858286
2509196569
2512182022
2486687182
2502899632
2480434011
2483124772
2467822742
2464870409
2464408944
2459267495
2438660662
2430253502
2471968766
2428256896
2410526054
2405054163
2397588700
2399200424
2383686542
2375762942
2369693308
2373187384
2354666012
2346712336
2340230334
2345628966
2325880668
2321058188
2312761506
2315005531
2299549110
2297574324
2282533286
2289532244
2270859164
2262407822
2264070812
2262143116
2241770974
2237539452
2229311184
2229768214
2221173293
2208046504
2200130936
2215355568
2185193844
2179004509
2172517690
2177475474
2157905579
2146002058
2144690200
2138786696
2132238538
2124231734
2116540522
2113030274
2101123479
2097452870
2096953996
2089152920
2081214303
2076417716
2074055720
2067133978
2061439276
2059411436
2048630916
2039123368
2031847918
2039408868
2018381268
2011230682
2006040648
2041021592
1989328132
1985287706
1976427937
1968741620
1963726053
1955948624
1948186720
1942953368
1934862792
1927126630
1922656087
1914032562
1906154048
1902517448
1900129190
1888536481
1878649530
1871421716
1862821842
1858571218
1849544562
1842094631
1841555912
1829363402
1821148512
1817065438
1808788564
1800223767
1795820636
1781711492
1779742886
1775380016
1766666430
1758026186
1754464494
1745758206
1737426121
1733264138
1718825756
1716151806
1711103548
1703627212
1696052107
1691011762
1682854764
1673546806
1670372537
1660255058
1653642591
1648381443
1640126420
1633060049
1626704980
1618683808
1612045316
1605589214
1598842770
1591101058
1584458542
1577657226
1569845878
1565346673
1556683662
1547520312
1544076732
1535767326
1528173518
1522021054
1514781150
1506821009
1502302439
1492384816
1485255128
1481057652
1476733615
1464735554
1460154736
1450350096
1444311228
1439032334
1430498132
1422680750
1417555382
1418011622
1402406932
1397774332
1393132070
1379817660
1374846012
1367955310
1358246293
1353873190
1346558448
1338650366
1333844642
1324398772
1317695462
1370797972
1305652070
1297031472
1291755513
1283961988
1276078302
1270000335
1262939742
1254992028
1250382314
1241150134
1233348550
1229316944
1221367149
1216509408
1207732442
1199653447
1191614232
1187558174
1178963280
1169197382
1164827461
1158512816
1150005082
1145292803
1137159598
1128449796
1124280727
1115886076
1108022922
1103260934
1095148584
1087049866
1082238520
1073971830
1065782653
1060891084
1052485496
1045268531
1040200434
1030823551
1022065816
1019020752
1010937124
1002081388
996443397
995590870
981349162
977275138
968889924
959245298
956233506
947869550
939701404
935389222
926405140
932608748
914261937
905415071
897697789
892846722
883430407
876727479
871299248
864003670
855401074
851033207
841996182
834980344
830272680
815387234
813570594
809135250
800658464
792484383
786377225
779515456
771658113
766058946
759146866
750953988
745788480
737916976
729679702
725555188
751441288
708832336
696822506
694445374
687990555
683559586
675051228
666582314
662253636
652177194
645516742
635069603
633319748
624934298
619589086
611852043
604113572
612327909
590831608
581145250
591212283
567750496
561592872
555575442
549007862
540395442
536566234
534151032
527201641
519985458
515414530
505079556
496871322
493666167
485001104
477873184
472572742
465218348
2554277558
2562193878
2547839318
2535970899
2530940872
2535750122
2519368137
2508468742
2494905938
2500644234
2489307014
2480318686
2472976518
2483077274
2464873584
2466184066
2446721976
2579295092
2429670354
2426669918
2416517102
2419114428
2403466724
2396405868
2388637492
2396106776
2375363780
2368221844
2363380962
2375427494
2346760450
2341520853
2333879006
2335321785
2314319396
2312543078
2304297316
2311852316
2291463855
2284261030
2278992844
2282710848
2262314546
2258744010
2249324168
2262000613
2237317310
2241769484
2221009296
2228191762
2208185138
2199759806
2194293288
2197395540
2179101880
2174126113
2165997702
2179712565
2154233733
2149522907
2140757534
2135831058
2130519578
2123792540
2117132318
2107197680
2107175594
2099738476
2093645325
2087920514
2081270148
2076416868
2071173851
2067267518
2060870576
2053091541
2048387842
2038115382
2030092664
2031789025
2018949108
2009712716
2006607322
1995542302
1989466532
1984751723
1974916261
1968743536
1963806782
1955908322
1948072376
1946304720
1935028912
1926897148
1922575244
1914305760
1906614560
1901857303
1896765878
1883341936
1880680866
1871351676
1863968084
1859036412
1857327468
1842802668
1838143452
1828083696
1821897500
1817677940
1808919306
1800893847
1795740180
1788039754
1779559144
1774564024
1767004732
1758812236
1755114170
1745943287
1737799958
1733400322
1725066713
1716943868
1711831136
1702199792
1696295839
1690582542
1682896172
1674259848
1670395736
1662766450
1652418437
1648946495
1640256000
1632957039
1630024240
1625451530
1617118562
1610513309
1606226685
1598947620
1599540864
1586170760
1577382096
1568210496
1564755013
1557047360
1548429485
1544310778
1535672600
1528211307
1523500158
1514989933
1506949490
1500705166
1493986064
1486304200
1481392244
1472994756
1468920085
1460303288
1452177524
1443734534
1441065256
1430865328
1422587944
1418583622
1414443996
1402141374
1397960856
1389037348
1380503976
1376228863
1366232819
1360608156
1353464878
1346769254
1339231448
1336534730
1325949051
1318525450
1316231380
1304996556
1295741420
1292257552
1287384666
