747904938
724077560
715687584
731668140
702418744
701208132
689262012
701982934
673031972
675304806
666159960
652010476
653837550
645902480
671064208
632231870
617682196
609459984
627216645
597754850
588328902
584261816
593381107
569083926
563728820
556069142
547779184
543303438
545655613
547337016
521794580
514081300
505006684
521756356
491127576
483852726
486325772
493239086
2563998144
2556724888
2570174230
2542631054
2544901346
2535713515
2559290664
2516491374
2504260746
2513846586
2517688034
2485482077
2480324676
2480908424
2485191366
2459021050
2453369548
2474690390
2437101584
2439221094
2425965521
2439919254
2425332182
2403563530
2408653795
2430361014
2395417951
2374266048
2371432212
2397145608
2354243064
2347825986
2339667404
2341378453
2364143045
2319113766
2311901428
2306030826
2325693652
2290438462
2285891238
2316939750
2274831476
2270562404
2256079690
2283575582
2243645308
2236001368
2227160709
2261063410
2214751394
2220610075
2201495684
2214217402
2191771710
2182043930
2186904838
2156946154
2160770858
2151873042
2163874762
2144714988
2149953884
2120922654
2145013404
2109736530
2104347856
2099321428
2108614202
2092047222
2081039144
2076141390
2070765914
2069765349
2057974555
2074620064
2063597660
2044920460
2033218486
2052273488
2017202694
2018683746
2003943012
1996354616
1991372532
1990105405
2015548826
1969289866
1967688374
1955442098
1987646544
1942060930
1933908122
1968432161
1960603504
1924629974
1908564702
1899322062
1894853004
1895152734
1877987878
1897476396
1865893532
1857359022
1848924758
1907580672
1844507692
1829283837
1823886478
1834763042
1807478776
1802136296
1800300364
1801407729
1780469188
1771919748
1804810889
1760258179
1757984154
1743886224
1776712458
1730772386
1730839372
1718820798
1730299452
1717203942
1712395872
1703104922
1699686260
1676583694
1672834458
1683372350
1656136622
1647185818
1640115206
1672449597
1650420086
1627030456
1618780985
1635000282
1621138008
1597391330
1592665406
1585167498
1584360775
1586299730
1584134416
1555856354
1551482434
1549252867
1571445688
1534834410
1527856461
1519191692
1536293102
1506446382
1492563240
1493517635
1480244374
1477991712
1473211152
1475759447
1451084120
1446084558
1443006839
1467590458
1424431840
1417133996
1414374118
1421454873
1395462984
1393582994
1395464560
1372423494
1366530460
1363254872
1388873800
1359104572
1354941960
1350339506
1364150136
1318752700
1317990443
1303122350
1320436966
1298314716
1289019222
1284483690
1275675652
1277333037
1254726620
1274959367
1238642466
1234295968
1228222157
1243874382
1215374944
1204593178
1204620950
1211376772
1185946224
1183340029
1172571716
1164141770
1172873828
1152816215
1172689756
1135946450
1130597233
1122764200
1147883580
1115640436
1102228566
1102025854
1115795792
1080397679
1079857716
1068290276
1074856658
1059555106
1046003312
1060350640
1030123804
1026425075
1016870102
1033368161
1019028654
1010697832
986674639
1005212898
974388842
973759829
962495556
960741060
945923956
960248997
955291483
925900270
925588956
926633856
932022170
899207876
897425913
883858255
900223982
876958214
862061704
865615456
863841570
841164290
837458640
862803495
827474551
829949792
813738190
840888882
813728499
785969816
780168218
794794200
764940964
771342534
758203440
746936052
755760554
745670904
751345883
730269627
724786003
709956111
724438810
695094748
680774890
691622412
689317832
661047278
667115900
646957098
645460694
638964006
626575296
658244964
629612849
605238898
598144314
627257794
591267236
587108334
569313486
582194448
555437212
548018266
541067260
543348002
547455363
527062936
560162378
509632393
503456396
501417988
519561870
501290342
485026329
471374652
2562608002
2557889916
2661282784
2577455816
2536010018
2526817624
2519799634
2530177826
2509102938
2499841106
2533310740
2493075622
2485625681
2476115542
2485753986
2465721232
2455473202
2443424004
2465902770
2438949542
2429947466
2415868192
2428822281
2409824724
2401072196
2408105042
2389762072
2371989254
2367304640
2381855540
2352490254
2348401442
2345858526
2353469898
2325948484
2335982908
2328787280
2307486530
2304494337
2303293280
2306415175
2283600027
2268809856
2265221098
2284653894
2248779222
2262529288
2506550808
2244339492
2222972590
2264504205
2233923062
2200728350
2199765302
2198667586
2194870454
2171832059
2162682365
2188331716
2165043646
2150492352
2138595098
2187654652
2129617616
2138138710
2123206384
2130412642
2101404220
2111958536
2108620906
2102473116
2081147206
2082369634
2069091076
2077579394
2059012774
2054128020
2095540769
2044207492
2034150138
2025993832
2045222540
2013581025
2011142374
2003716107
2009070369
1983997480
1981777762
1970155054
1967695176
1960036046
1955790495
1962453662
1933120264
1928735148
1934154016
1941463504
1908253902
1902294600
1906043112
1905488139
1896731470
1875500676
1863347030
1857276410
1850954496
1844417532
1874503962
1829028584
1831381274
1823277660
1841422300
1801830830
1800852162
1785815776
1799153080
1787540816
1764650614
1768676630
1752221802
1786331426
1738857812
1748865951
1722724700
1717319426
1715855726
1730480350
1704272450
1689216840
1680648142
1689862466
1674520130
1666048522
1775920548
1654935774
1639883776
1635868218
1672155620
1626429536
1617793404
1613342668
1643356790
1596736954
1598515585
1583731862
1605837728
1571297726
1568966104
1555948328
1546751926
1556080814
1534132404
1563735394
1520985386
1512940800
1508237950
1529622662
1499517378
1488647744
1480237886
1490453935
1466689178
1457760032
1452277934
1453231764
1451159484
1429245816
1452258857
1413593180
1415199856
1404265716
1430959516
1387922194
1399385693
1373993962
1394237878
1369420254
1360954368
1351527543
1341624527
1338690434
1331581480
1336936048
1317555360
1301517006
1298153599
1326095204
1282912842
1280894538
1275141882
1275303374
1256623276
1244655210
1239837988
1236021118
1233349416
1237682876
1234618370
1207054989
1213062062
1194103748
1223478320
1183214554
1172101386
1163781858
1174237306
1165890864
1142861381
1131273881
1130156504
1122333328
1120230538
1131305906
1102147020
1092773239
1096120076
1107858046
1071734056
1085039074
1058890292
1068593946
1046451706
1052568080
1029295072
1034108574
1017013436
1009757418
1042962342
1016668576
1007407294
983179237
989693554
968152662
970530642
962744012
952051942
942142612
938725206
946183348
920587424
912085522
910941884
927098964
897289314
884177060
878218434
870279040
867762677
865821302
883404776
842080544
836342597
842347858
837443503
816318481
823610179
798871980
811641038
804329194
778234960
802808278
866740674
879956899
768927959
770521606
736258566
737932166
734456562
715521344
711785458
703099360
714734184
703779512
681528244
673574500
696437198
673284388
659362242
647011724
653748676
631944852
626508402
660332274
613689204
608963648
603377232
625563107
608552598
585743032
589280650
580043096
567493746
563754298
572539584
565837232
540791168
533734716
546373052
520392928
515672472
519855900
518163174
497877402
547252914
564519550
605795000
2561097838
2580253722
2551522702
2529106390
2537773838
2548585714
2521244278
2515926506
2517683300
2539257729
2494890118
2492866802
2500228282
2474217900
2466835816
2459297568
2471021265
2445248138
2442641962
2438674062
2445243754
2423180114
2424970530
2440037184
2395911767
2396975448
2381812386
2391782934
2377485242
2368382478
2358766885
2366833560
2341061668
2339488678
2348135298
2318717958
2312201071
2319548656
2318958358
2290852641
2299793146
2276434578
2307626194
2265110984
2270290824
2248134376
2256307549
2242296902
2235102070
2221976892
2251160703
2206972458
2207423166
2194072032
2207559926
2179094526
2188735756
2170011838
2176781566
2150907600
2142642400
2152804136
2135243038
2125900034
2136656222
2149083512
2100840038
2094057951
2093572838
2100801496
2076506790
2072878578
2061252728
2059250360
2054736950
2046605446
2054011938
2034988128
2023358194
2017826184
2033689321
2004864102
2003284580
2010759562
1990492896
1982148969
1968991633
1990978508
1953488068
1950158148
1948819022
1955250374
1934745878
1933144064
1911950622
1915158810
1906660598
1891954398
1927273542
1878094396
1869774738
1871770832
1878782658
1849030288
1850601801
1842382132
1833531459
1823466994
1815494454
1836325421
1803688712
1793925450
1792129462
1809593078
1773693208
1780792112
1775756004
1752916272
1751867334
1740360272
1753484858
1724189128
1721088924
1711201884
1721070699
1712593378
1686303229
1687918502
1675832344
1666648982
1658419164
1710842193
1652462235
1638988801
1635863578
1653451230
1617954346
1613878859
1610276770
1597605412
1597474660
1582376659
1614337968
1572602934
1564419374
1561716046
1569757728
1541177054
1548989450
1528412558
1521309544
1527590739
1508586022
1521072490
1491446692
1501773164
1477280995
1488834730
1466179538
1458899498
1449378908
1452772026
1451378444
1435537816
1464376010
1431139456
1415297290
1410138624
1416362170
1388224641
1381049856
1372044204
1363227404
1368671762
1354021644
1376442706
1353897442
1346507490
1323704446
1337477696
1316747662
1312173894
1295747904
1289496838
1282943938
1277149210
1297178526
1262313716
1256124480
1244216633
1262455838
1236639666
1232794572
1232528900
1233321852
1204257252
1196730628
1221482538
1185500958
1183255553
1172124632
1184958946
1155861449
1158803234
1141656948
1135101022
1136731035
1139081674
1149318104
1117932356
1102624485
1107027594
1110678572
1089220332
1078744762
1077703238
1068341535
1757796133
1065276978
1047228002
1059232450
1029859733
1040769042
1018209935
1016976672
1005439076
994334548
1026133022
983476424
982550124
968017784
975855892
954340334
952301826
947543580
933504497
924930744
920753380
940140896
906417168
900971488
897865226
896409657
886077392
870878490
861645534
856039190
856273150
837898332
855372940
828652862
826038666
814989603
808316102
804563262
795269740
805263800
771092309
773363452
791891860
771975218
759314617
767655328
737304354
733161242
728377394
723551053
735246572
708626724
701945234
694356136
708236482
681126734
673197866
667796176
661231526
652878058
664293812
658206646
631170868
630563818
618074572
638672752
602199937
596754746
590216930
591475988
576680520
568220994
599758279
555057230
555236630
543242270
557311581
529200880
528818583
513063864
505690177
517611065
491701606
511889864
480217654
479720869
2580763394
2554953384
2549465251
2548590231
2554683176
2536624142
2536053246
2534272734
2507837283
2499641168
2495529210
2504561732
2478379074
2474576338
2484067782
2457580716
2453173026
2459517908
2455863468
2433273224
2424695142
2416201938
2439328683
2403521446
2393380438
2417937048
2379919150
2384498510
2376599926
2374564612
2354597046
2348661136
2359946295
2332129833
2328609244
2326557234
2325861156
2305187428
2304872743
2297695546
2304537101
2275765764
2277177983
2285712440
2257009350
2249931072
2243379386
2248239502
2229326881
2239618296
2249978944
2213202518
2201401922
2192766552
2202328356
2187489378
2178133910
2162716246
2190666088
2169619088
2148835343
2145371470
2144330704
2136626766
2131937038
2116611592
2128620117
2097485976
2096782641
2080961104
2089013102
2081334794
2072825836
2069752227
2064727390
2058049916
2046080782
2059442845
2034347370
2031420386
2039102660
2030000244
2010265308
1995648296
2004772552
1988981628
1983360483
1971520998
1995289808
1953929908
1950335902
1947221925
1950098420
1929267970
1920904102
1912006478
1922422818
1900058626
1891631460
1908422972
1884744395
1887384470
1871822882
1876090704
1854690452
1844168768
1843882336
1828664041
1824683636
1821752492
1847607606
1798674600
1793333545
1786426806
1798847622
1774093318
1771021774
1766993354
1760313272
1743502582
1738950010
1748856142
1723347392
1724729669
1706242276
1719713540
1695444060
1687690308
1682738864
1683122101
1678138694
1659860688
1674666222
1647000474
1639067523
1635185446
1634962401
1618358908
1611925172
1618003026
1597069026
1601322256
1582325890
1594139454
1582705760
1563393018
1561235500
1563443152
1548791872
1539162162
1535786046
1520909716
1526166381
1507557876
1522163788
1493075628
1487748128
1472626159
1485405841
1466121914
1456746894
1456605614
1450957028
1457120574
1428439900
1444472962
1429261256
1409127868
1409705136
1432342032
1386863722
1382813760
1388706742
1372313617
1361753016
1352612426
1373417064
1340153906
1329905212
1324533230
1335081069
1311190302
1303139384
1313222186
1296804968
1282923516
1277083574
1297136943
1262084410
1263343692
1253698388
1259494746
1254604218
1226847325
1219346932
1214592522
1205894496
1196492964
1210917252
1191258755
1182893552
1172990748
1181744143
1155978244
1165848822
1158193460
1135045891
1138692168
1123057440
1149013707
1111179800
1114429634
1090403116
1126226506
1078740760
1070292847
1067688900
1057686423
1059845774
1052862262
1066083778
1034055612
1026034354
1017280602
1028771806
1005422684
997146192
987632587
989448354
982363963
967681902
983730427
960497202
945745186
955701828
955366050
931629342
925763208
946426298
903816182
906632670
891921082
891532616
885989088
875920214
889269729
857947610
849123490
847808669
837330838
829858432
820349480
850090362
806415111
805960500
795360910
805233894
779166808
779668633
805667345
762749507
753235232
745124702
751407898
732651128
726625038
738640112
728111592
714944212
707679720
708407750
689512256
681712956
694212858
666960030
665710474
652020876
662060742
645679188
631681624
648887493
617989948
609892310
623032582
603776780
605925774
598698140
595763386
575390125
563510464
561913554
556464872
542766710
548407323
555676186
521390560
512929148
505602342
508749857
506880934
483947584
515103702
477319896
2563597885
2579706284
2549484042
2542269546
2537022232
2556640696
2521530702
2522973060
2547733990
2501083044
2501903212
2502134891
2496541466
2480715650
2466426798
2471799106
2461248546
2443707672
2436768778
2447486322
2422891770
2422364058
2439446250
2422252610
2395235680
2405973210
2402059646
2373752698
2410099330
2378389598
2367394076
2348223112
2339899302
2376156944
2327520559
2320125256
2329355432
2306376542
2296951802
2290620354
2298742493
2286658798
2267962675
2282197915
2256551460
2254871824
2251388794
2248413834
2242055188
2218855294
2231904827
2206079204
2202515512
2207700224
2212323282
2185914240
2172076048
2182994342
2167661166
2156463374
2146522656
2161801570
2145814666
2129674103
2122536680
2119115454
2115500146
2127007229
2151358594
2102615334
2088586760
2096755097
2077159651
2073822836
2069502106
2080154488
2054397000
2045949936
2044836978
2033144426
2040002854
2016956394
2040496148
2021981506
2005075986
1992257423
1982884410
1981442178
1988304113
1983230366
1954141392
1955562338
1941847634
1934092839
1929497395
1920396230
1939587582
1907980372
1899002464
1892046268
1894633754
1878292164
1870963010
1887276246
1862479923
1849038020
1844789780
1836210758
1828991422
1823268806
1846041980
2014995872
1809403998
1794950840
1779748610
1799764782
1789638998
1786293758
1758605588
1752954632
1744869714
1753868649
1731932664
1721181779
1753030896
1727294698
1702891756
1704683434
1688661478
1679720776
1684671206
1704271436
1659763280
1655369290
1653032420
1660153192
1642787876
1630662344
1661588920
1624133083
1611834512
1611670412
1602932332
1593002398
1585075634
1610781110
1572490768
1561539001
1566506858
1551271942
1549732676
1545006934
1557627106
1521876328
1519704608
1508852968
1499812336
1492536690
1487675990
1500868492
1485662711
1472763263
1457720678
1448716338
1446556312
1442455181
1449981773
1430875888
1422192188
1408148768
1423316831
1395431826
1398909466
1411494482
1390994490
1374018732
1362069292
1366345512
1344920170
1346703316
1354111455
1324887495
1326601715
1309633662
1304453958
1298842840
1310921141
1311320052
1287524752
1277648248
1268745916
1261995988
1262974270
1254578476
1264528626
1235260744
1227874538
1226027050
1214734898
1211627612
1198301752
1223121318
1185161274
1175555642
1173406258
1162639852
1164365450
1151394842
1170563313
1141151252
1130197532
1136103052
1120021959
1117043474
1100904128
1114104070
1087960368
1078614730
1069468448
1073201286
1058806284
1051086258
1086537574
1037941780
1031006936
1026724580
1017116510
1015954834
1022081124
1016565050
987875952
983561362
981064647
974139726
979868782
969056240
964777470
942403468
934104168
940651918
921685122
928327376
918344032
918334524
897492387
883268760
905656286
871285656
863004114
858145124
876650826
847902016
837021212
828001747
819983532
813260318
813507966
818611626
792146909
792244942
792837482
779878662
779307220
757764860
773729456
743812270
736744342
732340424
730267742
715975998
708612320
728499784
700375532
695360758
687836448
686402620
675012161
659829762
674434216
647518188
646651576
639029934
627739204
618867367
610424416
633198649
596788216
588639000
585731252
576082823
574920179
562462804
573970428
544603808
548749072
530412152
532550256
522287384
512863617
524682585
506716856
491948038
499676146
487227088
472053128
2563324232
2572978438
2558698386
2543119506
2559875996
2535903324
2527156776
2522483080
2521371415
2500160872
2502172070
2506731759
2479767958
2473761508
2464602018
2480165562
2453016568
2463664298
2457679557
2438636732
2422745622
2417030361
2424576222
2409274988
2402623996
2407828076
2380487886
2379880749
2369432612
2378758084
2352836428
2346809731
2346982166
2330994794
2347084038
2319202396
2324660252
2335482478
2298982130
2295751122
2293916064
2314039634
2268766737
2271605024
2273429528
2268509554
2243188180
2233548879
2248912594
2237109684
2233618328
2214322398
2220511418
2209080244
2201053098
2200473690
2178673961
2183490082
2172440666
2173364174
2150026448
2144000672
2130986688
2124615508
2120322240
2113815240
2123792036
2099973390
2101736702
2103553286
2073770464
2095812828
2075276194
2088337674
2065874844
2056168172
2051434484
2038505688
2032634480
2031735338
2035089140
2026795720
2005314958
2004388447
1991233567
1990768515
1981956181
1988436279
1962079550
1954891297
1949518760
1937726122
1939592301
1943601896
1939537016
1920413930
1907888670
1905024488
1897713505
1901193830
1878210834
1898622992
1865201062
1870720978
1856347218
1850951096
1835982616
1828561682
1845212886
1815941370
1961325416
1990239742
2006711347
1795783337
1784507324
1804232075
1773113700
1765645994
1774563061
1765312636
1737792406
1739127230
1766192820
1722224474
1726934024
1729209099
1710311468
1698822300
1689743750
1698671130
1677172024
1681741334
1669546318
1673364714
1654143170
1639115521
1662169058
1632131560
1617941400
1609566420
1605844201
1613134644
1579905977
1612210274
1582035022
1587704506
1576339088
1556064336
1550429203
1543451396
1553558870
1529047522
1521419494
1513529502
1515396477
1519533676
1499603132
1515778808
1479943332
1484068742
1466061876
1466338199
1455808152
1446380305
1474328624
1434519194
1425016140
1416335284
1416395998
1402872029
1393889152
1404801868
1397138700
1374079366
1365420576
1380069276
1359988414
1359009662
1368281240
1330605168
1324365978
1336479043
1311618134
1302411916
1304765336
1317817040
1281539940
1277270466
1268521986
1261271258
1257229104
1247920178
1261982798
1254402642
1232710100
1219840272
1227338606
1219423564
1196415372
1212975746
1198378742
1178260262
1172850464
1171696998
1163136656
1151953752
1163285082
1143500469
1137052576
1127857308
1120573894
1107033480
1107330902
1110261610
1088811498
1078498766
1071128390
1082058568
1059865990
1050965870
1074272660
1036558307
1044122188
1025036562
1022964500
1009309408
1022125524
1014404914
993969469
983858466
975927290
984405396
980811585
960435074
963723570
942415012
933833572
925019680
919145604
910463220
905205506
922119168
890985690
883036748
877772496
876683956
862149666
863335676
867997972
839789948
836979640
828784934
820351898
815356194
820933608
816891696
800862284
793112686
784757510
773411441
763403895
757266360
773372496
743989988
742762132
731181754
738416541
723296917
711845656
729958098
694708102
697195992
681568272
690871326
667393755
659879216
669942778
647978760
640571836
632158107
633584960
617965080
610329204
625052914
595983294
595881868
592233388
583636182
566786480
563765728
572261008
540819745
542816658
534158266
526389219
527324498
513165074
524763476
500251056
506524436
484070780
479701408
470903010
2563727624
2565239704
2551052621
2540884114
2572412980
2529941367
2528849490
2522580580
2525551946
2518759140
2512319620
2515095572
2493148780
2474928218
2466994016
2471572272
2454436303
2451361290
2458225519
2450280724
2437178336
2423650306
2439051106
2421966112
2394735276
2409505550
2380279242
2374366850
2369668612
2382755390
2353944373
2348754014
2366955450
2330476280
2333108476
2318824586
2328537252
2313005050
2294677017
2326463956
2285570198
2274436143
2276421184
2283282130
2256458762
2248025522
2256529404
2235135766
2253798456
2223291722
2214178112
2234096644
2202393822
2206087036
2185956032
2217984044
2178770217
2164939661
2160981974
2174256313
2140676281
2142981872
2172773622
2129557930
2136476940
2117820341
2116264726
2101991540
2096675672
2121885307
2095947354
2078448822
2082085748
2082318056
2068574978
2053194137
2080086072
2053252878
2040311568
2070441496
2032011402
2032093026
2016729708
2041222960
2004609912
1994481180
1993050296
1990642142
1974961028
1970239960
1981332300
1956345632
1947614180
1941173738
1931599556
1935477740
1919671765
1940424252
1907364658
1898934820
1905679532
1886141266
1891190790
1868527992
1888189348
1858283108
1871080712
1841545645
1844315682
1835167982
1823353408
1832588142
1807747524
1800626810
1794601676
1786586948
1779406586
1773263498
1782824622
1769783764
1751700996
1751286237
1739218094
1731867024
1723763098
1747481416
1724641224
1702033412
1703808668
1689857821
1677316890
1677245436
1690010666
1660079730
1655548464
1652596516
1647037194
1640621274
