2259345376
2243437226
2251496864
2234658784
2228224036
2227291691
2215700066
2212518966
2202064268
2208999736
2192790106
2179509786
2188301870
2172311022
2158457276
2157669925
2156690309
2142978968
2136492653
2138592365
2123833162
2115624598
2111256081
2099397448
2101545140
2095448312
2095679538
127850363834
2076296156
2071362788
2080636890
2061060276
2054330882
2048834136
2056159184
2039292626
2030164128
2027398644
2018025804
2009188260
2006213750
2007873066
1989378381
1985365872
1969818914
1969100918
1961711423
1954437254
1957687184
1942717128
1934593100
1926616458
1921404282
1913895402
1905622224
1911173322
1885438100
1883104698
1879382284
1871849902
1856739382
1857326156
1860885534
1842060421
1838004950
1838423538
1822117230
1816817054
1808320104
1814526560
1795577297
1787188142
1787416042
1773394494
1765755860
1758830974
1753653192
1744393512
1737634670
1743312718
1723126116
1716850506
1723524258
1702703688
1693947910
1690243882
1688457810
1677111682
1678524990
1679790000
1664546430
1654449658
1660360714
1645036594
1632559823
1629016996
1624903454
1611274270
1606567814
1608913584
1590536392
1585533213
1588739764
1569012682
1564672168
1556908668
1548142428
1542561899
1534113718
1539361312
1523151656
1514648632
1515538576
1495903582
1492073760
1483973256
1480494898
1472027868
1463096488
1471997450
1451821048
1443736610
1450321579
1430122889
1422396176
1417776442
1409957959
1401561656
1394241056
1398716690
1384417280
1374661726
1377041050
1359729666
1355351754
1345095514
1348917164
1334153474
1324285928
1327351655
1312802446
1304217652
1305562223
1292146322
1287480477
1275286350
1270436733
1261382128
1254570394
1258608790
1241981170
1233281996
1238650432
1224601554
1212450406
1207319486
1199769410
1190886333
1185421723
1188918001
1169753468
1167079928
1173870936
1153569698
1148178186
1144319071
1131360490
1127927868
1123881827
1125876294
1111665936
1103306004
1109352142
1086437346
1080904824
1073831236
1065104964
1059652819
1052147340
1054465700
1040094562
1030903892
1033482470
1050082448
1016339228
1001120298
997948725
989313472
986692669
985677799
967034814
960646162
967569624
947798154
939010074
933239702
925146212
917309816
913655600
914977996
897269450
891585090
893569230
876494686
880046653
863027966
855974706
849512898
835406490
842214165
835687621
821853287
820751053
801742796
800145954
792546241
786731370
778907478
770946197
775652878
757188268
750588378
757566492
735988750
727971220
724395256
715433122
707215785
698534790
704067604
685986622
682214580
684235898
659441024
665615158
653918450
645385884
639286820
631133596
637421766
614146044
610089694
612699942
598837180
589049368
581390174
578206817
569958278
560851194
568731794
541507302
539715948
546131986
532496518
526560582
519162468
513750269
506414206
497138724
505884418
485082970
475903784
479943746
468575798
2556770050
2561575352
2542035542
2534109692
2540781320
2522256588
2513438910
2503402460
2511865212
2486898220
2487714210
2500384482
2465620926
2466515198
2468630618
2451515638
2440240136
2432544461
2443966482
2425310888
2410233187
2418934723
2405123708
2395748706
2395970297
2382416994
2369064130
2367128395
2375062620
2353767378
2340087498
2354925904
2333845654
2324001055
2329683466
2316766142
2303663937
2299315736
2298486164
2283290897
2278397551
2284170370
2262881049
2256358072
2259446786
2241676526
2236771254
2227382192
2231877456
2215276822
2210907958
2214534446
2191508833
2194029202
2196823776
2178358088
2167164050
2164012334
2170666180
2154263223
2142447752
2145059428
2134460998
2130838592
2122021048
2117713314
2111521977
2108251701
2107632536
2092865660
2088384792
2090429214
2074298738
2070200830
2064246544
2051554749
2040860314
2037978508
2040919938
2025201708
2017255094
2020813562
2005318023
1997598145
1982931258
1985143018
1975137652
1962710860
1973761782
1955612289
2038091834
1949679016
1934098290
1925003716
1921871161
1912084880
1904938962
1899301496
1904879078
1940937728
1879237112
1881387300
1867428326
1857500088
1850918768
1841178656
1836659819
1823762084
1833366440
1817074241
1808296256
1807574810
1810687030
1787118879
1780022511
1775062118
1766560408
1758400790
1767614478
1745426013
1736243156
1743111194
1723227614
1715490950
1710571900
1704271400
1700957826
1685027414
1692759546
1667593980
1669553368
1668528404
1653875988
1647723196
1634188740
1632904924
1627708552
1613782050
1618636316
1607230210
1597054173
1599534873
1586061244
1576310256
1569562154
1564730766
1555100562
1548670817
1550151925
1546883036
1526707082
1529860358
1513020264
1505030042
1501336628
1493232090
1485473572
1479719941
1482752648
1468267313
1458421242
1463221960
1443068050
1438518666
1429036530
1422223177
1418295712
1409579356
1421616106
1395544761
1388571534
1388703803
1374774525
1370326050
1358172048
1353661905
1345352762
1337073630
1343191503
1324087972
1315986462
1320975892
1297563940
1296619354
1290994630
1282100760
1274023723
1270556262
1274531010
1248390033
1248330042
1250866454
1232333573
1229335020
1214803612
1212105478
1206799930
1199353178
1200684264
1185677046
1177261689
1182487720
1164296303
1161206592
1151880389
1147663830
1147807086
1135061998
1138073202
1124224973
1115101117
1115302612
1101688721
1092203766
1085203468
1081672804
1072518946
1065060642
1072590844
1051133544
1043113401
1048965456
1029990996
1027976572
1018120874
1010181202
995158916
997762090
1000039320
981144566
975428486
980644394
960099178
955340222
947660010
939019350
938530744
926666834
931848116
913721230
905059766
906556329
892469002
888573326
875137962
865233096
863740584
854317533
860939652
842814680
834199802
841727636
821659124
813003282
809052252
800129012
791134336
787886283
789708040
770013752
765650638
765739894
750662733
744354702
737277376
728823286
725135162
716345800
720390488
702256070
694521596
694447310
682932749
674171660
666749374
660578256
653528760
645876406
651044192
641294570
627934688
635579460
618723836
611362612
603182380
597673578
590601428
582116898
588871438
574748705
565792222
572535504
554749604
547918262
541573654
536594242
532386896
518394283
524317603
506959270
498355538
503417104
484169714
477921442
472420541
464111925
2557043672
2558800914
2591729532
2539262262
2529320870
2536094544
2507280066
2502738210
2502306098
2520789824
2488577957
2479161572
2472132330
2480898060
2459124995
2451988412
2457303678
2437480620
2430184821
2435326502
2416666116
2409732964
2397360390
2410172872
2388019003
2384157981
2384168060
2360659146
2361000666
2364124182
2345187442
2341664603
2333875450
2338605818
2314126358
2312281768
2318321969
2298736050
2284243134
2293657618
2277464572
2270145248
2260895412
2270385246
2244362314
2241794104
2250829525
2221970543
2213114848
2224986506
2207057554
2198143606
2195046950
2206324426
2177852118
2173074606
2178665242
2497860354
2152683836
2143187886
2136314622
2131358140
2123191452
2123317254
2109520182
2102052060
2105826370
2092858206
2088183024
2079456628
2073273776
2069449684
2065151557
2065868394
2047922795
2039991288
2038430059
2026971562
2018948258
2011016998
2006355426
1996350928
1989083606
1993563611
1977018000
1968006408
1975523506
1955186698
1947915224
1943150154
1934966270
1927029843
1922191673
1924875894
1906200696
1901063040
1899156035
1884313358
1879171200
1886427486
1863266150
1857625814
1849945422
1851585158
1838291684
1829914820
1828508098
1816418020
1808786676
1807165192
1795542576
1787580720
1778334997
1787029936
1765112777
1757199021
1760980996
1744018270
1737236200
1745078674
1723011072
1714329278
1710235726
1710694985
1782348317
1796719538
1763324348
1674649318
1668251006
1673020415
1652252810
1648899633
1637796782
1643080926
1629863248
1618961728
1626583784
1610256788
1606364141
1623164000
1583287694
1584033041
1578235540
1579816680
1563371678
1550651882
1555969624
1538048372
1528201812
1535133116
1527497620
1513232724
1505018242
1510898784
1487644656
1484125200
1488084458
1471048284
1464464310
1466810264
1451963010
1436634362
1439488286
1439473584
1422181732
1416652948
1421593422
1400267872
1395509422
1403403144
1384278456
1374583390
1367620196
1368491700
1349017564
1346040826
1347871836
1333785618
1325712100
1329115958
1307423860
1303104878
1305527222
1291516850
1284035544
1282321582
1269825598
1261319517
1261454573
1248469117
1240147608
1240224810
1227388391
1218982468
1224038636
1207187065
1198016326
1203744008
1180707198
1178645818
1177606236
1164459266
1161562262
1165285938
1147318782
1142982779
1142974328
1127489124
1122653362
1122568704
1106936656
1103078814
1111754786
1094944084
1085646653
1088616824
1072095786
1064297608
1068723674
1046701854
1044153716
1047808024
1031317836
1015923418
1026148938
1010407487
1001061800
1004555794
988014752
980084650
983462800
968614738
960157870
967903430
947680476
932451098
943502206
926559208
916603246
925717504
904067442
896249192
899301516
884632470
875189178
878911184
863354235
854350986
857968942
841746586
833073910
841808082
821602690
812012513
821064938
799166542
791194390
797194066
780086610
771449992
778667362
757100426
744613737
757446742
736124700
729791900
733275958
720337058
710970798
714898954
702068404
694076076
699180800
681628494
668707366
673617522
659324619
647752568
652057518
641056056
631086920
631606658
614094896
610213136
610216622
599410186
589119324
594283032
577256474
569893024
568191978
556723557
548970718
553083546
534953326
524428568
526843044
513985621
506264928
505229148
486548806
484056668
484334114
472842296
457228936
2565713666
2544592912
2540455081
2546319354
2530455984
2521009620
2527477206
2508473491
2500123282
2486193714
2498109664
2480650894
2466700488
2474653352
2458045494
2443945196
2453667950
2432339232
2430282659
2432774738
2418960784
2402889506
2411384948
2389720816
2387066239
2395037910
2374077320
2360521997
2374641226
2354146632
2351920042
2348584260
2332161819
2319814722
2327936202
2311118574
2303081766
2306620046
2290246684
2283207402
2285581122
2264768158
2256796640
2264235476
2248171484
2240782278
2243618100
2228326952
2213340466
2225693050
2211435684
2196308009
2205590274
2193795170
2180652772
2184894298
2172430874
2166102970
2166350859
2154958628
2143131234
2138445406
2135640764
2131284816
2117732639
2116905414
2110981060
2106075469
2107920102
2093272086
2087359094
2087989743
2075643532
2070069900
2073470470
2059798676
2051059234
2055019788
2039363492
2036980883
2033439234
2018028274
2003649555
2012878726
1997997348
1988058301
1996781917
1977019808
1967020486
1975528702
1954060496
1945995252
1954932638
1934237552
1926819857
1928388692
1913003566
1905520292
1912996728
1885606444
1883271094
1892026932
1871192601
1864012922
1866782730
1849151590
1842644574
1844445204
1830039720
1814637720
1823362212
1808031384
1798917712
1807644478
1787411100
1779331922
1781695374
1767070918
1757085078
1765544964
1745392076
1737482270
1744889588
1724842994
1715235254
1718810726
1703142634
1694306758
1697791264
1687107408
1676950606
1686244110
1669744814
1660991378
1665340740
1647424636
1641047600
1641979512
1628349364
1618068440
1623111462
1606824056
1597489194
1602442920
1585463918
1577333085
1578009362
1564838086
1555163608
1560634556
1543690646
1529742986
1534636878
1523107814
1515024714
1513235588
1500288836
1492520526
1494716016
1479779578
1471091168
1471323984
1459322260
1451356504
1450257504
1439353490
1430419282
1431987228
1416385134
1408111711
1408156874
1395358802
1388549872
1386894376
1375827946
1366194268
1366259366
1354667312
1346826166
1349869286
1334365861
1326190718
1329235274
1313050168
1303172954
1303158427
1292879558
1282774440
1282524714
1270648318
1261152486
1261621300
1248606920
1240332639
1240622453
1228588148
1220868180
1224268857
1207869862
1199933106
1199598632
1186311250
1177256882
1177379420
1166395696
1157002016
1157368506
1144333884
1135597468
1136810316
1123448074
1116001540
1119802940
1101418690
1094872562
1095986598
1080353138
1072151057
1077630046
1061211010
1052810968
1051345164
1040428168
1029528152
1037194966
1019725096
1010580845
1008900296
996310442
989525576
993112692
977227448
967082448
972372362
955680234
947670488
951247600
934891110
926264792
925010600
918112253
904156094
909207046
891414686
885229466
888498000
875733584
863650512
864508420
850749977
842197990
846658496
829804354
820043272
821014458
809574296
799923886
799509688
787309297
778179216
783496095
766891852
758838189
759335866
745131798
737808291
736667058
724340276
716821695
715272060
702525864
695425056
699189248
681367391
673685188
673170580
661329538
653611534
657345654
640765764
635971012
631205360
619947180
610079020
610691336
597479396
584799604
589670300
577834316
574997528
573447856
553482810
555790106
560021024
541036384
534395622
536740302
519739450
513699288
513267672
497255152
493085380
492127935
470325762
471530886
476162848
2549620968
2550668470
2553421738
2534200068
2523593152
2534373472
2513143344
2502806970
2510624874
2487650020
2487578906
2489795132
2472492964
2460669800
2471521894
2450391008
2440047812
2450585645
2429370478
2425193632
2428926304
2409243674
2404985552
2406848508
2381497908
2382703828
2387759552
2366210762
2355942361
2365097006
2345602768
2340740566
2331743314
2337399790
2321242760
2311002708
2311783439
2298389138
2291156455
2291213760
2277636508
2269058288
2269576948
2257604637
2242765142
2252916382
2236467682
2227098421
2229722406
2209391572
2213409132
2219973068
2199137453
2193652689
2193189476
2177084981
2172799190
2177867972
2156387824
2153848674
2156764354
2132876838
2134329176
2129834952
2117658056
2110422910
2110456724
2102839508
2096355210
2087346618
2097522822
2081514422
2071434374
2081724980
2067171262
2059877136
2061580249
2047729199
2039057716
2038983242
2026260446
2017042393
2017351156
2005074710
1996055284
2001160866
1983631074
1976143252
1975076584
1962723690
1953944902
1958994184
1941742576
1934664553
1933260392
1922446285
1912088358
1912384122
1900392294
1892014710
1896648454
1878558030
1870281647
1871942736
1857240630
1849686336
1848943238
1832030252
1828025321
1832999774
1815666691
1807154030
1812147172
1788459987
1786169278
1786442445
1773419196
1765782140
1765541904
1752253264
1738450302
1749252702
1726436798
1724556558
1728548738
1710538655
1703438166
1702446258
1689674371
1681242380
1686337862
1670441600
1660109243
1660076448
1647750521
1640287064
1639908508
1626782693
1618015201
1618369311
1605706470
1596855426
1598284286
1584630032
1577959894
1576062288
1563306650
1556446098
1560663914
1542529058
1533821038
1534298920
1521577978
1514887508
1518213754
1500430968
1493502988
1492522842
1473942728
1474654201
1471544636
1460183898
1450123520
1451421248
1439171620
1430413896
1429338734
1416825958
1408052449
1408413585
1395917620
1387016879
1387269852
1374439454
1367433491
1366472184
1353622926
1345180609
1345547681
1327977527
1326284002
1324341122
1311764418
1303043012
1303226008
1292399950
1283992974
1282334836
1271200832
1261284298
1261172272
1244121030
1236195250
1240889204
1423125394
1224077656
1219554180
1202269168
1193769229
1198105760
1185302672
1172175830
1177171003
1158543916
1156912270
1159911381
1147596100
1136614784
1143496766
1132415602
1124618876
1122478788
1100039984
1103090840
1100913288
1080899442
1074467054
1082771428
1065539090
1061422292
1059243078
1044279092
1040131147
1038185306
1023881618
1012964541
1022300805
996606222
998104500
1001260884
986101170
975694914
977498858
981908530
954474162
955395320
938217150
928869376
938671012
917101194
907893656
912359098
896066697
891346384
893661056
876637668
865867952
870034344
854569418
851063820
854190182
833028116
828362726
828364482
811956248
807356226
812228962
791227664
786434386
786481672
770008234
759976558
764971033
749274490
740055388
748414842
730195158
721046088
731132312
715038206
702652116
711289165
689575528
686054166
689423320
674493556
665963820
668461438
653629322
644089480
647947286
631091616
623121316
626546220
611978303
603666336
609895306
589104360
582804082
591477162
575125514
568163496
568997602
555269493
547082007
547577810
536059316
526030099
526131964
514609761
506903690
505804300
494097254
485628999
489457878
471357250
463225204
2567114352
2551586422
2536469392
2542643216
2530609062
2521211016
2523512140
2508404376
2505606753
2501542438
2488726788
2481054004
2479074744
2460808212
2459983411
2458454229
2446798154
2438303044
2437017140
2425884888
2416058232
2418496728
2404755364
2395027517
2397694264
2383724700
2374167296
2379622906
2362412642
2353145933
2353490378
2342207170
2327347290
2332593634
2320346184
2312228776
2310956596
2298351600
2291598106
2290822156
2277179050
2270550416
2274002318
2257510850
2243711122
2248052429
2235476700
2228818756
2227501552
2214321738
2207243054
2214663348
2198857340
2193536558
2193995349
2178696420
2177797954
2176729524
2156382038
2153066056
2160903084
2134195470
2135985298
2130767850
2122319014
2116972530
2113393595
2120517402
2101070534
2096374964
2098407296
2087417296
2079671934
2086214555
2062415447
2063629574
2068215326
2051207746
2040241524
2051205505
2031676415
2026825114
2026601448
2011127829
2004570518
2008938097
1989891762
1985099263
1983079156
1968897964
1962395638
1964436988
1946020307
1942389665
1942154742
1926174577
1922316393
1919824450
1904253942
1899474638
1899208106
1888410353
1880555764
1878482072
1857403940
1860595924
1857229588
1842888998
1838084140
1841046696
1821024102
1815466710
1817113406
1799263714
1796214386
1803970558
1779918841
1775772426
1775327706
1758245254
1754235989
1752362762
1737192146
1733366332
1731230204
1716471553
1711226668
1715250060
1694416384
1691500046
1694226662
1678136510
1666936106
1676201150
1665837424
1652560418
1656445448
1640132758
1631019366
1641288544
1624422138
1614580788
1619001888
1609698938
1597059217
1596712966
1584914700
1576346968
1578835672
1563920544
1555299778
1560327110
1542392953
1529634620
1534470516
1523128384
1508727696
1515487675
1494458450
1487815206
1497310998
1481371386
1472926632
1476020596
1458420426
1450017919
1450023914
1437616078
1429995220
1434664818
1410752760
1403767968
1408378648
1391388856
1387088214
1392779954
1374705213
1366059860
1371692376
1357270554
1344832758
1345365580
1332790102
1324298966
1329265448
1307361326
1297037362
1303743388
1291728958
1282200636
1282712246
1270829490
1266617120
1261578244
1248457993
1240112168
1245579757
1227360564
1213272278
1219253384
1208013608
1193627900
1198369260
1185926588
1177196358
1177821124
1164556788
1157391583
1155996870
1145182976
1135208646
1136314872
1123943903
1109652908
1116599711
1106947598
1093078444
1094790428
1080766285
1072006541
1071842800
1059584640
1051371836
1053631512
1038550258
1030245356
1030456610
1017474598
1009005444
1009203918
1169831342
1118570371
992843721
977152158
968163632
967295082
954398724
945990640
946763120
934829496
925024512
925357337
912279478
904115652
909196570
885473996
878720602
883082130
870365758
857742558
862434534
849244094
841212227
843488398
828516651
820839440
820464905
807648642
800324454
798991028
787809978
779808744
778201407
766944257
757021922
759424624
744773080
736250816
738627882
723872680
715398888
719982208
704106264
689722980
694213690
681718830
668779670
678119036
660611774
653019172
652575768
639429652
632582920
631980590
619434874
610194184
615378757
598353600
589041102
588874408
576161614
569273604
568087834
555336528
541486493
547223256
534804974
526021727
527341680
514405323
505030100
505581597
492646154
484141822
486432962
473394354
464269544
2566089386
2545726840
2536326875
2544918527
2529499808
2520999662
2524213574
2509767008
2500018452
2504161678
2487543158
2480878172
2482186120
2466295242
2452995174
2458621228
2445618716
2438987280
2439749540
2420006216
2417388018
2419745972
2403395576
2395221390
2398961528
2377253721
2374226120
2379542545
2361836166
2347893204
2354129466
2334922588
2331068304
2337525220
2325160928
2306058397
2314567780
2293386834
2291816446
2292563984
2277685794
2269826916
2271414976
2250165785
2248247162
2249649689
2235484593
2228836332
2230843976
2215019930
2211516482
2216547346
2198783476
2192805596
2186210412
2190493045
2173739458
2165011372
2164828562
2147611210
2149130660
2140789132
2128932842
2130418920
2122438468
2115437802
2109976078
2095365650
2096008384
2091428080
2088365556
2081367394
2073983018
2069432854
2068258768
2061182796
2050928546
2057993100
2032460470
2023686492
2035739134
2017653682
2009010838
2012338080
1991694972
1988264797
1992641808
1976715033
1968130244
1970088532
1954132980
1945996140
1949275534
1935056914
1925057050
1928306279
1913634024
1899121584
1907520513
1890981436
1884593016
1888703996
1865739714
1862152702
1866160600
1849263742
1841058013
1844476544
1828125990
1815621308
1823408892
1807032994
1800597532
1802359202
1798755154
1779853594
1782479988
1765074910
1757091230
1760453004
1739674732
1736111666
1745504522
1718805334
1716581974
1723550274
1702472286
1693992026
1700131897
1686450174
1671373296
1681245699
1663511051
1666683620
1660353622
1648394172
1634327374
1640827102
1629665760
1624879809
1628438994
1615252498
1604814549
1606277426
1589092142
1585245400
1589220432
1569484312
1564557198
1563320756
1548118150
1547920642
1542572480
1526251626
1521143698
1522621680
1505996558
1500292082
1501183667
1485826630
1480895902
1479222678
1463197678
1459426604
1463142932
1443562430
1437318382
1442475881
1421664534
1417585292
1421363924
1401535996
1396464320
1395230298
1379325392
1374307540
1379203640
1360145340
1355440856
1353077954
1337374985
1332297131
1331989140
1317061562
1311902566
1313441334
1295098352
1292193370
1304276268
1275049268
1270707915
1269307837
1252968532
1250228254
1253388068
1232198329
1229470350
1227306658
1212694983
1207376934
1211144638
1191624090
1185410513
1187466700
1169053702
