856027134
835527604
825083468
826511010
809203594
806292978
810104706
801899717
784519938
775210088
772751864
778778754
757050086
752159670
742889930
732552716
728200144
719861578
712023890
709119160
696282984
690574902
684524638
677917858
678860605
662133545
658668095
648477902
644087022
635864496
632988670
623262924
615201194
607046544
602538524
595903122
587369990
581536185
569267222
564631362
561621602
553288778
541087428
541486372
536896890
533102194
525240374
520701489
511249006
499896096
497092014
490283508
481020050
482628630
470948654
2560274662
2551162787
2561550210
2539040836
2535365834
2522969098
2535354676
2512767986
2505007622
2496850048
2509912612
2484227114
2476114406
2468623813
2493988572
2454666010
2449449976
2441791056
2455198888
2429406978
2416980980
2412924654
2425169170
2401531234
2391871804
2384164336
2400138638
2391705022
2363518906
2357857872
2366969054
2346926815
2336561944
2328771448
2341241996
2315668914
2307411171
2305073684
2316054834
2284000984
2282461152
2273414380
2283058620
2261747002
2252569178
2244837197
2261345757
2235139814
2230258959
2220398954
2230360158
2204570686
2198235954
2189978712
2199080545
2177643986
2186465940
2158057537
2177381378
2156955412
2145422234
2139226685
2151370922
2127247640
2119440394
2114590442
2115321783
2098401260
2096679749
2089240742
2091535078
2075604343
2071828310
2064019784
2073947186
2055289892
2042374586
2031566391
2046985153
2018890310
2015261534
2009078888
2017763654
1990172270
1991811314
1979978174
1988964650
1965473196
1959118797
1952168210
1969480990
1937854298
1940932904
1926478103
1933829003
1905522994
1914873073
1893235446
1919319821
1885342314
1881340700
1868924000
1886663526
1853870626
1846001653
1846405070
1850632326
1825231124
1820540116
1813823614
1828741246
1799167314
1794859429
1783002437
1799460954
1770040480
1758791004
1756737476
1770290710
1743154980
1733487927
1726038960
1736828575
1717400116
1703985590
1699463298
1706210199
1685858114
1674979682
1676248130
1686136380
1656738128
1652065104
1653323608
1653415284
1632789316
1622351942
1616091522
1633111452
1602927470
1593256317
1588894086
1598927140
1574263316
1568958708
1560699572
1563091946
1548510286
1549797010
1533626218
1543586564
1520154252
1509834349
1505118674
1518312546
1488669358
1484337126
1475933237
1488954634
1473323604
1455022292
1446914416
1459753044
1434017618
1425942552
1417210816
1424378562
1404776701
1399839790
1394270074
1401505508
1381457712
1370640724
1362984213
1378923314
1357059984
1339036642
1339357856
1343324706
1311639622
1316176378
1307652876
1316481810
1298376480
1286963032
1278849654
1285798847
1269819342
1265656852
1249856924
1266059024
1237239888
1235840443
1225129444
1237303316
1210904970
1204309780
1192039778
1211540026
1187302766
1181826939
1175587419
1183518612
1156766980
1155773202
1147926792
1157639594
1132702036
1128280062
1118593434
1122499454
1107550582
1097802207
1090065014
1096885783
1076904564
1069027586
1066657374
1073414718
1047664008
1044713203
1038066876
1044440314
1022379769
1010595178
1005879344
1018390842
992773774
984728792
980171538
993112234
961240384
959319302
950837662
957472094
940118092
929768288
922183132
933947894
908639062
896982342
898463668
904941556
882239798
872112660
876588914
895091660
857506575
846041866
834843104
851215294
824996268
820174592
812544504
822640724
796098696
791257618
790548452
807594394
769787336
764073000
754071914
768189244
745482406
735016874
730609973
741120546
721549046
706678276
700119862
701420422
686218091
673834322
669944738
682251274
663761408
658741114
649162723
666905140
639861191
629821990
620027026
633570272
606945553
601310260
595634110
600563993
686297808
593743388
564945084
574321774
549242638
543817960
539125610
554601308
524945690
520913540
513009420
519088306
500924971
489623032
485215916
502123118
468362584
2556175124
2565246630
2550589354
2538702336
2534254990
2535710749
2527887896
2513272222
2504415300
2493760832
2509584858
2483755650
2472944374
2474629890
2480452128
2456382816
2459982140
2440145710
2448374754
2436021002
2420838564
2415276652
2418097276
2399892584
2399462430
2389001364
2395528808
2374781425
2368437305
2358386928
2361125689
2362872942
2336928203
2340254126
2341215738
2313487031
2325392354
2303210638
2305319752
2282953128
2282354732
2270704692
2283547562
2260622010
2252766776
2246281012
2250199613
2241574228
2230309502
2218937510
2223026536
2214061161
2198350136
2191807174
2198590778
2186536136
2172618116
2162019328
2172872350
2148130042
2141451525
2135007961
2139089008
2119953466
2114913190
2123350240
2112539474
2094249284
2092227732
2077719616
2113847525
2071139904
2066978172
2065568860
2068085715
2043106420
2037562348
2033862414
2038532460
2014227800
2006705200
2000537356
2008102426
1997900120
1982703822
1974045036
1977789730
1959177230
1950866680
1949322076
1964363008
1940650016
1927623439
1914749359
1920411784
1907713056
1897941222
1887990100
1902095175
1888983512
1869014215
1868477002
1863915108
1843406228
1843317844
1836437806
1836729604
1816779874
1813697626
1803872212
1829906648
1792705622
1783068054
1778077582
1800766904
1769732286
1757296156
1746385328
1762046062
1739180862
1728214406
1722494314
1745760610
1711263230
1708987826
1694311024
1710269860
1689437866
1673222768
1668253726
1680411888
1652685172
1645492124
1642079312
1648647730
1624591028
1614820960
1611695376
1619811890
1589184015
1589444234
1580708914
1587819319
1569569893
1559856452
1555271837
1563912080
1542089202
1534707808
1527418924
1535503134
1507239163
1515951729
1502223964
1499139540
1481130430
1473427338
1468874216
1477670229
1454969232
1447161260
1445627712
1448223464
1426062564
1418109396
1423553584
1421746614
1399782714
1391917538
1385218072
1396685981
1368039942
1363275960
1354500552
1364252878
1341790184
1337018070
1329076858
1340454704
1316174712
1310000068
1303090180
1325700206
1288589284
1278547234
1270802206
1290384279
1257665808
1253593008
1242952890
1253547353
1238630234
1224152360
1212890574
1228336591
1203162644
1194988132
1187434532
1208033142
1183244882
1174042762
1166195558
1177902764
1153446820
1148056397
1140176048
1155892030
1130256626
1122097496
1111262684
1138896786
1104818660
1090413025
1087343671
1092757652
1068886276
1075660250
1055517184
1062156845
1042963051
1034357342
1026894234
1043660356
1013921198
1006842020
1012305530
1007276008
991975096
980204806
971862851
980515925
949983229
960565816
944632030
948414754
930167634
923737460
916974258
933707570
898265608
895987046
887998816
895701782
875355173
871640368
858459858
878621073
845868748
837971388
832647414
839460466
814152681
822853464
803568824
810558485
798149810
799360252
778549396
787415947
761796486
753754500
750578304
759145478
729597041
728153273
721469008
728862314
708989036
706379731
694145302
707404850
677753610
670951982
665261036
758202220
657287910
653943879
644358598
653251204
625170330
620269802
616300198
628264926
602449750
591064936
586712298
596259682
572861938
561236193
561739490
569013770
543852932
539737774
533164240
534570450
520200676
509545804
503849352
518794868
496615402
482715734
497391482
489079962
2559717354
2552270463
2546759020
2553494137
2530883948
2521866132
2527924758
2529308834
2509631862
2513181858
2502996498
2495566850
2479883964
2473100840
2463246000
2470305942
2450461298
2441728582
2438102320
2439391030
2417798164
2412737978
2408446076
2425196094
2392113556
2388179794
2389419937
2388497368
2366128934
2361067471
2347123588
2337751513
2336768440
2325470824
2324271654
2336612912
2308242794
2305313157
2294669307
2297643202
2282417514
2273748558
2263205364
2275427148
2252472578
2241171643
2236603702
2248858156
2231581480
2224014240
2221192886
2211898152
2205430610
2207028659
2191944056
2199728920
2177642836
2169200990
2160622020
2176367689
2155576386
2141538856
2140268521
2152980045
2129476146
2121077682
2113383364
2128635000
2106581702
2115113344
2104208793
2101632798
2079430786
2073630743
2065882316
2074905536
2048910339
2042916949
2031765884
2048825536
2023520996
2016225616
2005851015
2017805284
2004657580
1988391996
1976267546
1989030649
1968716464
1961287950
1950587441
1963581770
1937391836
1931335864
1922438070
1937996032
1912562218
1904453634
1892826386
1897913654
1883258164
1874934752
1866947214
1883624136
1862565072
1842001476
1837627892
1852585688
1824966510
1820532890
1808796370
1827090050
1799450494
1790651364
1785397408
1809149220
1778445466
1762125196
1756665914
1770784683
1745491904
1737749522
1727776842
1737640501
1718639616
1707830710
1695264626
1715379594
1690389204
1688161578
1673344815
1682165760
1657222420
1655662838
1644801831
1650766178
1631129826
1630724808
1618661660
1734980486
1616857974
1602294644
1600153048
1612345936
1586169980
1577822082
1571742752
1587791773
1563733280
1551996936
1547040366
1553705520
1530826868
1526109999
1514757544
1524173806
1508939082
1496619852
1489036602
1501383564
1475737300
1471929100
1473065794
1472330892
1446445654
1456977350
1437099534
1442861000
1424319714
1413141174
1409701714
1414482563
1395642212
1388291522
1381095024
1389101696
1363033725
1357929164
1353060754
1356532974
1337296904
1328690864
1320650633
1333136358
1305047272
1300471802
1295910674
1307233094
1278975190
1274117078
1270407184
1274979221
1253193112
1245015258
1238443765
1263263013
1241895450
1311516692
1210918669
1222059788
1194510324
1201293924
1185427354
1193940806
1171128966
1178723058
1170723122
1169345790
1140054814
1131895586
1126782094
1135978480
1114009924
1179009504
1102715860
1109696260
1106479580
1081207486
1078455140
1079137752
1065849364
1055742182
1050942456
1071531168
1041587068
1032368704
1021982954
1036273156
1003166480
1000753568
1012281986
1007689284
980004302
973810318
966307586
982127171
960200936
950999264
938265601
949556062
923413840
921691088
910512524
920338678
905620954
892563304
879802300
892132406
866645124
860889288
857334490
868289282
838039260
833360774
824768456
839644188
815622120
805684054
795529630
805311390
785879234
776177052
770612350
785516306
784779030
748931853
742935702
751936918
731878930
724628494
717006020
729145510
707425206
695944532
694054056
700201250
680721228
671438640
665063010
674037384
657487518
666803464
637151640
648869620
630234414
617322786
615189190
619711000
603708978
585778550
641648386
584557815
562455094
570092073
551919030
570426042
542476310
532307480
533462152
538686964
513748132
503935040
497319852
526593556
492031222
475606382
467830880
2561644890
2555009988
2546943718
2538739941
2551680694
2525357076
2514548982
2524588144
2530823858
2496874624
2492345372
2484002204
2493187626
2471346202
2462497502
2453175032
2467473610
2439098466
2434106710
2429290202
2430885296
2412552794
2405050453
2397027200
2413091332
2387415956
2378634038
2370922767
2377472594
2357960000
2349637756
2345029546
2354737320
2329079310
2324431210
2317587362
2325463016
2300385179
2305753195
2288541166
2298560894
2273774140
2263384496
2258082532
2262893534
2244561954
2240343588
2279667808
2243201584
2223381412
2224858507
2207617128
2219071804
2198365994
2208375686
2183898106
2188627888
2170937704
2160879220
2158725933
2163054121
2141046672
2137244141
2140598814
2143334156
2115887622
2109929760
2107185301
2163983312
2096939537
2091448920
2084236803
2096679198
2078262591
2071312766
2060547816
2071903880
2059645056
2106235358
2035076156
2042077978
2026219420
2013713690
2006170952
2012084590
2002331912
1985472162
1976439374
1992714752
1971878126
1960257818
1950496170
1960480401
1939560142
1929849837
1926954400
2021463212
1919059068
1905665002
1896024526
1904654445
1884645040
1874821411
1867051722
1878341746
1871593114
1845955158
1837878650
1850694650
1828548719
1829589584
1811655650
1835343500
1805817116
1791896716
1784577130
1803004644
1769824801
1772820752
1755769054
1770652652
1742936470
1735758926
1727838177
1783140230
1736144794
1704235024
1699128870
1715261346
1688832864
1679362776
1673107438
1686905450
1656823496
1651076958
1646386102
1652810974
1626370670
1622368536
1618119034
1631098974
1664368560
1615100130
1588997832
1595645172
1570119301
1568354480
1559836342
1566100278
1548593208
1549163270
1530971102
1543132184
1528476351
1509721914
1505392450
1602178598
1575109078
1484042032
1477621024
1484622986
1548619647
1465016814
1446670126
1459044394
1435887710
1422913186
1420962846
1429732348
1405873908
1401846264
1391907410
1447342202
1386274204
1377135344
1366332540
1373138298
1350086964
1342701926
1337450647
1340675604
1320894992
1320421424
1331328760
1319347350
1298902045
1368662182
1344876372
1292791108
1815595390
1259250628
1253180192
1259342619
1237304120
1257055268
1223525764
1278441660
1211472534
1213522322
1196722621
1211000112
1179202534
1173881202
1174085256
1265536718
1153110274
1190376430
1140046130
1141660491
1124845176
1115753490
1131935422
1207625568
1101930912
1090341035
1088795864
1094064039
1153115000
1064682147
1150234840
1164209768
1042707805
1034431724
1023885882
1025171108
1013560222
1005657878
997969304
1014197404
1091714206
982677012
971385768
988614744
962294607
948302994
939105942
958798498
930192250
921521530
914481712
925544815
903360862
899746162
889446299
897189632
872015382
866955642
861415500
872254218
846496062
838176720
832760020
834873866
816794318
809728316
804378806
805884092
788277654
792643731
774709084
781919496
758926930
754223686
750561180
757642984
732741490
731134782
716920922
732734208
707049848
703271542
690489897
705021694
678436844
663131410
665644442
667736385
648736540
639557566
642171834
639160126
620203520
610451292
606395688
601861282
591273712
583142450
598154750
570267552
561680112
570686578
563367476
544010026
539277694
534760201
534717318
539100521
512923912
501166268
513917460
494722888
481813393
478422879
477803284
2564710740
2554977570
2564591334
2539237179
2545850943
2529451980
2528955454
2512979986
2504861847
2577906236
2660792409
2484393196
2481116012
2478710476
2484062190
2454964938
2447878658
2441620060
2445706022
2431041620
2419270129
2414851126
2424889824
2417121327
2392053808
2409965104
2379535426
2366633904
2366500936
2374900506
2352429318
2344931026
2345351998
2402393303
2324286806
2347663936
2308302028
2324342788
2292291015
2305166228
2285848254
2292110924
2266350808
2261031900
2259624870
2259188229
2261062615
2231480442
2265685079
2362852204
2215049960
2202492636
2215118406
2215194186
2199732549
2172344112
2187772233
2161008974
2159580650
2147749420
2158149948
2137393622
2126415884
2120551404
2131444660
2105999358
2101228946
2107330498
2112878238
2081308852
2073812316
2100169048
2159664450
2058711808
2050496828
2050451858
2059355486
2044781556
2026994784
2038475512
2033264576
2014425202
2000803038
2016126516
2006787590
1979868874
1975029511
1988058106
2011667992
1971611930
1968032148
1990539712
2118887508
1934804760
1916803018
1939814254
1906052578
1897204750
1884221252
2121905510
1876086078
1870456556
1862692034
1863731306
1845809416
1841320340
1833214984
1828824024
1841314622
1814653690
1821397326
1816751886
1792362372
1782384774
1792492534
1767252071
1764047824
1757441637
1766497096
1737879214
1735965338
1727510704
1751399594
1713907086
1708932168
1698508673
1715292716
1685666848
1679627378
1683787546
1676755878
1658778645
1653214211
1643610732
1645512944
1631238224
1623360436
1636151412
1673259005
1604551456
1596444401
1606678482
1580981104
1573219516
1578304580
1578144758
1554062682
1547122718
1540962363
1548316564
1527924800
1517239195
1507315662
1515799714
1496936507
1488891550
1501477568
1487142404
1471526026
1474158721
1463677904
1453902988
1442070650
1433455476
1442927544
1423213846
1414663583
1401445964
1414437978
1391658989
1381194726
1379250608
1387972863
1359955148
1358465198
1355456942
1358381162
1394725592
1334106180
1331417902
1326269838
1307463071
1297409146
1296897060
1286806912
1299949407
1271450363
1283502910
1257479673
1252954178
1245090744
1257971648
1241587806
1228268262
1215619576
1227720760
1200470062
1196240572
1211449932
1209425115
1174165961
1166552858
1160786960
1171849771
1145497972
1133908160
1133744810
1138429074
1118646772
1107845170
1105105694
1102940106
1090785340
1086226582
1105582532
1085551324
1066475871
1063782068
1095467952
1047580058
1123941654
1035423886
1054420196
1023343748
1013720894
1005517834
1026437156
1002202901
985977676
977871962
983452747
966337474
959268716
951324373
959302278
947910512
936299022
939509380
920175628
910024024
900677216
913224536
887703458
881441492
874990888
888605350
860981788
853991098
845880022
855516490
837171192
824455292
815442118
829279082
808226512
795909238
790987314
799750542
774373702
770299625
761924644
770460478
751818542
746670757
733136390
726230368
719332348
711251169
729100298
695964162
691700825
686392661
689655730
671669888
664567526
653103706
665619218
643652550
635830936
625381432
639898700
620724932
606727968
601002342
604552526
592324088
583048310
572904824
581343117
563120220
547717622
543680636
539394301
530301104
524093974
536429768
510168280
501836260
497144074
500332262
477090541
476271516
467880428
2555913460
2556680376
2542771739
2633185377
2534072642
2524251258
2518110126
2517862765
2501508164
2493322064
2489039749
2502936122
2475835738
2471006478
2462848760
2472016184
2450143310
2441709648
2430733242
2440756082
2418283284
2412794532
2408590352
2411688404
2388493162
2382699500
2395532518
2370758714
2365118100
2355029936
2366770113
2349733774
2337195596
2325311846
2338624481
2315803628
2305197450
2303947344
2306953660
2286849024
2279149964
2269057744
2277888622
2261331597
2261587771
2328856442
2284165654
2407672520
2225850862
2259454410
2210543254
2202403406
2194577208
2204163818
2181621076
2181790424
2168801784
2172502718
2158273782
2150247202
2147943978
2156940654
2135357836
2126670347
2119449054
2131797481
2108354687
2097741503
2095545772
2112027924
2080660340
2073937424
2071965400
2080294732
2056902103
2052864892
2043052542
2044648483
2030196170
2021933318
2008625463
2009356371
2000790000
1992674100
2002711038
1996428546
1971710944
1964261614
1975691102
1952654664
1957666252
1934999078
1944463032
1928761431
1916734500
1908685600
1916323162
1895612412
1885312580
1882694162
1889245946
1862408534
1862541646
1853787406
1857534170
1841725364
1833075231
1831284608
1820556036
1806279354
1807788136
1815494562
1788329506
1783301638
1781169226
1787261573
1758786036
1754117574
1748616934
1755337090
1738130436
1727728702
1720620618
1735589966
1706768270
1695801890
1696879924
1700119564
1674913002
1670109292
1664503200
1674273922
1653194126
1643848098
1640905612
1632875092
1625213850
1613846466
1630885990
1611149336
1603582400
1588987542
1604288381
1587739870
1569491530
1564838810
1576866878
1551628344
1547179951
1539146110
1545071276
1526124786
1518434352
1509734330
1515479464
1500463180
1485973004
1484364664
1486279228
1471619594
1463205748
1452501140
1446884734
1445880114
1430797170
1449898662
1422690016
1415078790
1401842584
1416878754
1395101184
1387133268
1386341220
1382709004
1363351232
1358495564
1354043172
1359430692
1338770152
1325729562
1318279472
1328088962
1307810450
1299818038
1295030454
1305582516
1282432560
1275352453
1265855113
1258172108
1253041804
1255812991
1253838444
1233616026
1222865138
1217250584
1225156608
1202493036
1194817138
1186854614
1198837968
1170248914
1169023980
1158230823
1169733248
1138256106
1137303132
1132140010
1143678444
1115473370
1134121166
1112499900
1097815900
1094007660
1084698853
1091459512
1072622470
1068153670
1057162476
1065513264
1044936974
1034833325
1028860376
1039773302
1015615230
1005726748
998072738
1009634806
984346512
980072902
972093127
963883178
956384856
967657578
963884066
942388751
930256494
922027963
938357900
909106808
901230828
895750940
897913046
887498822
875053330
866737196
860748340
851287052
845986051
853612963
837206340
825104704
814091338
830721458
806235890
798031351
791617071
800469805
776636386
769907520
761599978
755587262
751727228
759061226
744566016
730319487
725295720
716940626
730324950
709218238
699541442
689774066
702910058
694637797
667336160
665054606
656686132
648997618
644492948
650226884
629771710
620526182
614895976
624717934
606004172
595656882
585366606
591118061
572805248
562043450
559829608
552219876
548282166
539426268
545214144
522940992
519812124
509859070
520446009
497480624
486241280
482448211
492853585
477049294
2557224916
2576356258
2546958708
2538729972
2534343766
2547556332
2534099185
2516384264
2505073838
2507915826
2494346790
2487250511
2472721762
2488577550
2462647976
2453428220
2467140250
2442311738
2429594214
2428715030
2446593386
2410265844
2405147524
2397282434
2403580254
2387074140
2379287200
2370475048
2382280374
2359393112
2349291934
2360196384
2337277454
2330413138
2324036282
2339909324
2306309064
2303168128
2305081812
2305010752
2281691566
2271647780
2266035289
2272360640
2250080288
2329475959
2257301286
2241670518
2225804772
2216620184
2228481726
2204680252
2201248363
2189527615
2198393422
2176953518
2168691404
2161970430
2156842500
2170483562
2143691882
2138855846
2134616312
2145597347
2121898938
2117566570
2105755452
2121123852
2095496252
2092190962
2083237350
2093688030
2073546888
2068921763
2060720548
2066369760
2052181037
2040201290
2049254509
2030290024
2018958484
2014000071
2026798764
2020805842
2074565776
1993354607
1996420454
1971656228
1966727873
1959182446
1947833160
1949087042
1938000026
1946638092
1923806290
1916902104
1908798418
1928931363
1892210541
1891014118
1880271410
1885236404
1864742250
1865521848
1856084238
1847935472
1836481724
1832862698
1836287218
1819732704
1811534719
1803732086
1824373482
1791300510
1782478604
1780319996
1787416132
1761968672
1756878659
1748661350
