1397348609
1438915151
1407391152
1321655074
1430704176
1322965564
1320998454
1338187258
1378594576
1310603912
1384513902
1330724860
1427399762
1325294141
1404060187
1317247488
1309568760
1299572898
1414565533
1510721150
1314340090
1300245680
1386069473
1382589482
1324258037
1397445385
1403935397
1301548280
1314794072
1323219993
1299312798
1341316062
1321846825
1348248477
1384597440
1301892214
1296443184
1299800713
1315814977
1315546673
1308123072
1323538288
1385531509
1295169325
1316321130
1293436884
1299168729
1298207824
1337944002
1298040046
1358145274
1297830240
1341397452
1300235182
1300151613
1330823460
1336914313
1300788194
1322208629
1309486937
1314388648
1342243050
1292144809
1298505676
1298258760
1387683966
1347915144
1292671456
1316795560
1350954568
1281799396
1291633045
1326352775
1367679700
1342818833
1399741180
1297063558
1297027383
1290650438
1299316286
1294589364
1429441705
1292631148
1296849851
1280210595
1302737888
1286329904
1299224478
1328290817
1293269303
1381629834
1336874004
1284190516
1285095670
1284109659
1282369734
1300383471
1282979834
1283800006
1299890684
1281509476
1398671503
1291909088
1284459122
1377998231
1319563018
1314613768
1295117717
1308750132
1323084064
1291516895
1287282978
1292415203
1318816412
1293723206
1294672518
1294094422
1287690769
1392297344
1319203418
1300274100
1281120665
1362420601
1319001028
1302834164
1290706083
1315101942
1423841679
1296098820
1286237659
1282540085
1340360944
1323059413
1373375737
1291740529
1282372268
1300046981
1279482452
1351422552
1278967258
1341278280
1298015792
1283780876
1279756398
1277792118
1280150619
1286958667
1279363291
1315781792
1280356022
1289825633
1277999620
1385255528
1281181191
1279203795
1351707276
1279011430
1279363142
1283530275
1395011141
1279474543
1281096932
1324043448
1300128806
1343953659
1288815636
1287296892
1286352756
1348968702
1285148792
1341052054
1279920368
1282300795
1291376856
1279478203
1291298688
1321202588
1278196432
1297524468
1376917201
1288668029
1299589032
1295481185
1329186699
1356513057
1318517465
1318385348
1282065980
1311582404
1331922160
1385441243
1340228797
1283672952
1278852413
1301244272
1281476720
1301222779
1282941530
1278584966
1278909273
1291908358
1294895985
1286840622
1277750588
1301536389
1281572690
1279669291
1397640984
1337348273
1277808655
1279572981
1275813666
1348354596
1285558414
1292706358
1334031125
1308750860
1426931645
1449364034
1285703259
1280192803
1286608871
1384936595
1301773324
1359449354
1365829739
1283641619
1280430852
1278647343
1278901353
1286285655
1384070019
1284516563
1281514310
1286843752
1279137124
1279430433
1286140527
1277583852
1285494840
1285328050
1356491219
1303409821
1278828619
1277900042
1292813881
1334594145
1313823866
1313071785
1299958375
1282551821
1361413975
1276626688
1301789371
1277173023
1371778500
1301657893
1287551605
1280916830
1279903537
1280433469
1281765650
1334250026
1313821809
1278190350
1279055727
1279101463
1296138101
1311976012
1344371199
1277780560
1297139600
1291497976
1277297481
1418395333
1282568533
1313875060
1321335902
1280427382
1282084788
1277131798
1278173795
1276379024
1279902107
1284888432
1370997484
1280293641
1278093699
1279403209
1297617912
1306181539
1313146780
1292598368
1275357010
1280066653
1276736603
1298938089
1296264865
1281709601
1308701042
1325262680
1278350433
1337117630
1280224313
1335335049
1278052687
1278963899
1280257468
1278330532
1303035976
1277433627
1300858520
1355880319
1278653756
1300612580
1279779411
1291841843
1301725562
1277310972
1276643900
1280958688
1281621522
1276269025
1276469122
1279189874
1276631475
1286355312
1278241266
1293432922
1275986476
1300669616
1280914135
1278198749
1277357804
1280742796
1279033472
1286234813
1276382360
1372088924
1281106957
1375539130
1280215174
1281189970
1313170924
1296251864
1278930474
1278661924
1281030420
1278476151
1287660250
1325504921
1298090876
1288495168
1282798723
1285872856
1301302867
1281860525
1285815475
1285035868
1363933033
1280623193
1278720822
1276614672
1279139555
1341027279
1280336874
1276873713
1279796951
1279320522
1279242113
1282612852
1296682000
1296126107
1300115447
1284718462
1345980060
1297043577
1336439054
1279678657
1280640194
1277887284
1280301159
1415270158
1281246737
1351606090
1276950264
1281171671
1276648569
1277240005
1294466756
1281701652
1276874214
1358226697
1282086070
1298979811
1328228454
1277750853
1279820995
1313656927
1275960108
1276345925
1275574085
1277958177
1278101480
1276343282
1275974533
1279792117
1313862907
1287399160
1277911552
1285635172
1279932989
1280907122
1276901476
1276332246
1295984268
1276207558
1338832759
1280310264
1315180332
1280221081
1276576160
1280316482
1274397522
1278122981
1277287840
1275944375
1276238727
1291149580
1279192699
1287697685
1277028884
1275473605
1275605460
1274961744
1293548844
1289304854
1314525312
1288393628
1299774338
1376420633
1302217706
1279842076
1288318397
1296049826
1276867219
1276240901
1276701352
1278911581
1277055426
1280783733
1282248400
1291943921
1276218216
1293927008
1276250132
1275123952
1275933103
1279821512
1276256171
1278504402
1279403588
1377981473
1287033984
1276966314
1279494242
1276067278
1280371795
1320462311
1276817435
1277160492
1275063654
1280203534
1328168394
1279957642
1315235312
1319211674
1276856401
1276986377
1280516648
1299696737
1275235341
1280082008
1280922240
1275932997
1276556680
1278628607
1274778495
1292679747
1277116650
1276269968
1303177530
1277107931
1280239988
1276625762
1275371261
1296042032
1279889128
1276137538
1275140470
1276769437
1301615678
1360988818
1359281332
1291198081
1282880661
1276659040
1282252992
1274249509
1274255902
1276063289
1294064532
1367772404
1318855193
1282925044
1281726044
1296172341
1277653960
1286942095
1303468170
1308436367
1300472497
1276049511
1280062586
1274095965
1356175022
1279109225
1277837118
1301371968
1275324787
1354191994
1279007584
1278915225
1276087081
1276124272
1280339017
1276340736
1276521178
1277917972
1314681094
1310283429
1280628793
1295391813
1277612696
1275602276
1364239903
1277480378
1276730811
1309305079
1274675482
1279948840
1277704358
1275547060
1275232836
1277822808
1302463609
1279488920
1278156734
1281640727
1301129016
1275210127
1277559595
1275633638
1277162878
1298584022
1274607587
1280281648
1334723814
1364836823
1275319339
1310269163
1277009553
1280248861
1317708561
1277122953
1275135916
1275766172
1274464120
1279988658
1281216976
1275361704
1277988907
1280101588
1323137248
1275817266
1324411892
1275672625
1278839194
1274838188
1376169957
1280198060
1306557660
1276385020
1276278771
1276209668
1275375432
1275046179
1279959470
1278977880
1275954658
1275813710
1298518948
1276166736
1292394300
1274810497
1277979295
1276785542
1286014596
1331603006
1277286884
1277910776
1314319964
1278608884
1277546580
1276272783
1274387252
1337064898
1277009977
1279182544
1275419289
1273710136
1301090478
1277687932
1278628281
1275379993
1274424612
1280194144
1278582652
1279162979
1289574570
1297694799
1341975430
1324279423
1276614642
1277155672
1276222175
1276270411
1280230662
1274538554
1334443876
1371593796
1276280750
1282141317
1295072691
1277331676
1286372186
1314294365
1285749054
1275069180
1309632026
1296543240
1275011762
1283028126
1275128223
1276302093
1281052070
1275946003
1276360478
1276850056
1315961612
1275919768
1279295166
1276166094
1275678160
1275743367
1276174917
1277883789
1279456672
1302261967
1287129889
1275715200
1295972523
1277287483
1272663380
1299249154
1276002716
1275272220
1301862586
1275093379
1280308324
1387600519
1279716486
1277340639
1275481311
1275051921
1275908892
1297495223
1277243707
1274968193
1281249870
1276908822
1274607494
1276311468
1276026382
1275737673
1276283810
1503605829
1280549289
1274585354
1279560404
1276803408
1274101932
1277537602
1301683748
1287448249
1280437655
1280487885
1274799491
1280521118
1276637868
1277274094
1276425925
1275514631
1277203898
1281003721
1278731850
1274744348
1279920046
1280554221
1278282316
1279256573
1277776518
1276098899
1276803288
1280094423
1279779740
1280466608
1275585790
1280585891
1275283351
1276105116
1280800184
1274732914
1275867222
1278661858
1275649717
1349837441
1308975313
1275496953
1277978215
1300304579
1277272760
1365078160
1302681964
1280047049
1278904288
1276556228
1276842146
1277280050
1280388531
1275628095
1296489254
1308989867
1279290082
1275637328
1275859440
1276688725
1276401522
1320796100
1300064206
1364235849
1334890014
1280239805
1276935515
1274360137
1275384031
1301913740
1279634374
1278767659
1275911716
1275970214
1280553892
1350356490
1277637096
1308306478
1280278101
1294733155
1274506440
1280308403
1302323948
1277261550
1296051863
1275940548
1276432069
1279496884
1276905105
1279223139
1277505720
1295898213
1276686353
1275467904
1276654019
1280440526
1279588232
1279957222
1299621362
1280433840
1279334304
1279619954
1337053796
1274592738
1275397555
1301108043
1277563148
1277684338
1275542521
1279035638
1277170986
1276774951
1300907082
1280484500
1275674552
1299079582
1275492349
1277297996
1275677824
1295638179
1274298574
1275718713
1277149131
1279636582
1276602191
1279642704
1297639819
1297981296
1280686320
1275010386
1279920856
1278367007
1275666738
1277495192
1275805412
1279605556
1276370513
1278183268
1280101171
1292807998
1275538446
1280938396
1274499976
1276016056
1276918380
1281019150
1275121531
1280862604
1319784037
1276102125
1280642706
1279136552
1294345963
1274395612
1279814469
1276346410
1350178005
1289300138
1304455392
1276537358
1276899887
1281222072
1274524335
1280137784
1276023941
1279952002
1358504592
1414511431
1309322116
1276037738
1274480366
1276591270
1279196645
1279487510
1275213640
1280501917
1274664794
1280110540
1276117064
1275696823
1274916098
1275555421
1275154610
1284685375
1276171397
1275254212
1279814128
1279280083
1278307296
1307531518
1376592836
1354728732
1413966828
1280068160
1279906205
1280517310
1364578223
1275942747
1275662812
1276316046
1298031752
1274547734
1279594928
1275941464
1300398741
1275329146
1292217120
1274512980
1278902651
1294505850
1276279756
1280066776
1294637088
1344120058
1276875794
1274939562
1278825036
1275977697
1275116039
1276678194
1274571564
1275289002
1276070371
1294093508
1279842621
1274470856
1277762479
1276691836
1282305188
1275604366
1275973674
1277085240
1274377449
1288730432
1298524792
1274554135
1277343343
1274997668
1276553806
1274639032
1276710022
1278715745
1275495040
1275096969
1275575460
1295805715
1275022353
1275633550
1274365418
1277164993
1274816736
1279627905
1274965700
1275674068
1278902704
1276948599
1297826960
1274850410
1275072494
1275780120
1274911440
1278442750
1280778248
1276043594
1279031492
1277412484
1274521876
1292063528
1275963048
1274634448
1275889833
1275915793
1292660964
1276824697
1274692272
1279239122
1276536013
1292561125
1274603167
1276295400
1278791376
1275224141
1292471191
1275874644
1275360419
1280511408
1274085212
1299165771
1276884037
1278500792
1278498978
1277669543
1295507513
1279487366
1359550904
1356118088
1292769930
1294742576
1275708928
1276120172
1318803140
1275786797
1294978058
1277165417
1276867054
1275792884
1275134942
1286978383
1275264907
1277630739
1277384277
1276227650
1294065325
1276072075
1277151764
1275528770
1274492808
1335867590
1303952547
1364725076
1274850418
1275666730
1299316866
1276545730
1274630506
1279746260
1274374704
1280548795
1276443287
1277815576
1275253778
1294360211
1275641990
1274224826
1278325576
1280340890
1274649756
1316671574
1275959472
1279827575
1293838680
1274593690
1275337184
1294326586
1351049239
1274738131
1334558227
1507871391
1276262800
1294656582
1276299232
1283058188
1274613758
1275339431
1277362824
1274350886
1275170626
1280715792
1322939358
1276181760
1274658898
1275486249
1277566398
1280067507
1280561638
1274378660
1275328310
1295939092
1276332813
1386954440
1278742786
1300798428
1376694446
1276230192
1276257352
1296915590
1275506068
1274919234
1276018251
1361809862
1275967211
1275135497
1280792442
1294787283
1280295347
1276255313
1300647039
1292968657
1279458177
1274644287
1275324370
1280648978
1275528752
1276239262
1277838998
1284374841
1335363950
1275511939
1280292050
1289318132
1274493266
1275265675
1274616927
1286372474
1301849753
1287172301
1280251108
1281635952
1275174163
1276060328
1279114501
1282064786
1274586632
1274599804
1276638607
1282002690
1275310761
1275100146
1278012133
1301884589
1279304132
1275018219
1274477612
1280972556
1279345288
1275425507
1275475381
1282434629
1275224716
1275748295
1275198894
1282709485
1275946907
1274609518
1275433563
1306417764
1280256236
1280957308
1274314299
1288493284
1275945578
1275325888
1276187449
1302092600
1274571914
1364010544
1333532148
1299948220
1274405936
1274904972
1275316630
1280798757
1277090615
1274275154
1362197984
1293268863
1275547674
1277954391
1275521794
1285267178
1275520328
1275351695
1275553598
1280189980
1275872690
1274996832
1275374080
1300222751
1274772302
1279918336
1274621713
1288033358
1274458806
1276250285
1276007375
1297860272
1275858442
1276499960
1278991481
1300391520
1275612323
1280477081
1279007032
1281821550
1279322186
1274898947
1275176810
1294888216
1276505268
1276793978
1274326400
1282973085
1279144388
1274602090
1276051836
1284901071
1288217752
1279990800
1277450951
1293363856
1274800686
1277130698
1276575407
1284144460
1275327028
1276344802
1280811715
1280471925
1279867121
1276727741
1275731002
1281758893
1279416114
1278524250
1281008383
1283993067
1275210677
1280113796
1276403836
1295844160
1279275960
1280737445
1274577464
1282064086
1275241168
1279826807
1276242707
1293155699
1271883156
1279452384
1278773313
1287978034
1280153164
1279263378
1274539065
1283090511
1279256719
1276270490
1275935470
1285718906
1275734500
1277344282
1275650030
1286955732
1275032968
1276182368
1275056564
1292666105
1281016238
1278433020
1288334776
1419835193
1301152753
1275587416
1275073394
1283754995
1279370959
1280124476
1275113148
1282757172
1275991812
1274680898
1280102133
1323306184
1274560802
1359924980
1276143556
1280719468
1275914909
1276550418
1279222220
1321340955
1288612558
1276695774
1387213286
1312092427
1276078393
1280334774
1275470293
1286401760
1279739193
1275080286
1275270960
1301393342
1273918507
1274723908
1276301168
1367544044
1280307454
1276116637
1274328853
1289567783
1280488552
1284487306
1274924788
1295389639
1278900110
1278046035
1279057883
1280481319
1275478103
1294976332
1281663216
1294854693
1274629456
1271254140
1277388755
1300490108
1276059171
1274202312
1278411045
1285977596
1275047016
1275452192
1300478097
1295812543
1275300810
1274645265
1276705352
1283285580
1275119340
1274958676
1279147632
1281269566
1278508336
1276382097
1277910000
1288009242
1280604268
1276706498
1282114970
1285944394
1275504765
1276776894
1279975633
1378426496
1364013155
1378075666
1279144216
1385139460
1278027754
1274591231
1278636262
1287122708
1275272185
1280180374
1306571664
1320667058
1279457324
1275923004
1274538521
1287231362
1275988932
1275403780
1277668808
1296178248
1275714164
1274442811
1275236648
1281612076
1363321689
1278649475
1269923515
1282132070
1275684556
1275912622
1273975488
1283030694
1274514485
1314232053
1495510526
1399776936
1277294237
1274436694
1363892693
1283334417
1274905372
1275124638
1274375591
1286558405
1280886546
1276239266
1279710764
1285288650
1273988958
1278756534
1276142977
1281874316
1275494363
1275973744
1274193062
1285959966
1273791907
1275303065
1273901576
1289974844
1277910916
1273893552
1275304086
1280483795
1280362287
1276227571
1342119988
1367270487
1276384845
1274923431
1275268246
1281008878
1276757472
1273584178
1275007372
1285610436
1274871012
1274937190
1275317493
1285035616
1274973136
1275873968
1277196481
1282343580
1279193836
1275273704
1273749673
1280543863
1275462715
1274380380
1274410604
1282820885
1275031390
1275304934
1273856812
1284893176
1273663163
1280331352
1277820266
1292678748
1279998237
1274381046
1275657108
1280742700
1288323527
1275322382
1276634952
1283100776
1274509392
1275741923
1274086882
1301883586
1293150813
1277219581
1275620965
1282609767
1280146000
1275628140
1274263669
1292120036
1279132468
1275108785
1274399037
1281471775
1273771097
1277328996
1273862246
1287123260
1273963109
1275616822
1274194394
1294060868
1276929543
1274160422
1274919685
1294059549
1292065222
1274399776
1301011557
1283970694
1274974183
1279276095
1286703885
1286355546
1279773322
1273815980
1274749409
1296840752
1277736670
1275170024
1275838176
1300654972
1278568876
1274167522
1274612430
1286384274
1274648216
1279028446
1278332769
1282992060
1275165821
1275246484
1273908943
1295624984
1273796676
1274256498
1275446775
1284982496
1275720121
1275274870
1273857942
1286591471
1274017523
1279957272
1274773997
1280184098
1275282428
1275932190
1274733960
1282598383
1280381647
1275049152
1276141153
1292148188
1278664367
1274648347
1278440317
1298429513
1275074347
1275105950
1275959528
1293137518
1275097636
1281279506
1335119012
1288531840
1274950864
1275325412
1275727569
1281372794
1275400060
1273619195
1274980759
1291615790
1274475588
1335108144
1273237368
1296760297
1274248041
1279930732
1275862105
1280704685
1275107974
1273926422
1276347220
1278554621
1275912329
1274642802
1275488823
1288352970
1278202011
1275525180
1273705971
1285146761
1276414742
1274658969
1275428430
1284695692
1274141526
1279643560
1273589247
1281202447
1275246248
1274055557
1280730314
1295829559
1274552195
1275897482
1276309345
1321123195
1273283306
1274389088
1274531907
1287951656
1275163368
1276326784
1274582277
1286529858
1274039424
1275111416
1274423338
1282549068
1279244170
1273129422
1280780497
1283762241
1275351223
1280206627
1277848089
1281421996
1275141519
1274399632
1277691842
1293056844
1272957213
1276961687
1274105074
1294274704
1278724424
1274484264
1283270365
1281494476
1299994357
1273899719
1282560033
1280410274
1275188346
1278048868
1274672352
1302922137
1276890750
1287444060
1356460949
1281701251
1273782529
1275172329
1275104930
1290305708
1272675588
1275055447
1276313722
1382091402
1275426498
1274167539
1275487297
1294780061
1275055244
1275455165
1274310172
1281172623
1275918984
1274465972
1275531370
1281646797
1274702772
1275607231
1273989598
1286461461
1274058074
1280323392
1273438484
1290704936
1276354245
1279169364
1274580223
1282252904
1277371085
1274431836
1275718718
1286370290
1274924123
1276347721
1374952261
1324513993
1276085334
1279448152
1274202372
1287339524
1273803728
1281572564
1273405044
1295335208
1273895314
1274720135
1275693416
1292279662
1274733452
1283315865
1276733552
1281828939
1275360450
1274283170
1275102206
1282675441
1302031892
1275701622
1277176126
1288882666
1274408469
1275976829
1280522247
1285763955
1274495335
1275417066
1273614441
1280971088
1276262990
1334200030
1277707294
1280884205
1276042720
1275867136
1279061194
1279547616
1275442831
1365426906
1276040328
1301551099
1350958167
1275011586
1275893063
1292750110
1275341823
1274403838
1279803776
1307031675
1274196598
1276717171
1274229573
1291445151
1274435781
1279110202
1277823838
1307813794
1295303756
1275568105
1278830430
1381659408
1275558500
1301120366
1279979560
1287399635
1277402428
1274249238
1313915444
1299114162
1278526600
1276005990
1274522014
1286424632
1275866120
1274482276
1275617143
1285577688
1273480076
1275788352
1273856629
1291815426
1523368420
1370310831
1275942446
1290950860
1277445718
1276683321
1274535339
1280101572
1320353710
1276175377
1274351159
1280201088
1273942654
1275051041
1275643385
1278507089
1279987356
1275323958
1275651529
1348695892
1278546059
1275413923
1273164820
1282183108
1275905576
1274641084
1275312810
1282084458
1276651577
1275225856
1280206903
1279490956
1275591853
1278883772
1274812395
1283772412
1275601039
1274373185
1275649022
1280119669
1274488335
1288130789
1490157361
1286190497
1321330024
1274833166
1280367144
1295375587
1276105487
1279130646
1274806500
1286862628
1275314323
1277569789
1274101120
1281141321
1275759350
1279352808
1279617675
1281298384
1274116088
1274876744
1279219360
1279807500
1279965951
1280975677
1273437936
1282801123
1275462566
1279819839
1279828166
1281330491
1275296531
1279615096
1275276336
1279775387
1275825014
1277769338
1280063903
1286745424
1274683720
1279019509
1275252407
1285716096
1445681576
1274416535
1274497783
1281021544
1279298939
1288706385
1276090891
1281014223
1275272998
1275394491
1274894898
1314277753
1274079756
1274830820
1275773078
1284892438
1280139752
1274186486
1279890148
1281071091
1275323206
1274372273
1274775994
1281496595
1295480900
1274586200
1275130234
1282093583
1275221440
1276031259
1279480990
1287212612
1278678428
1274823185
1275216407
1282172570
1274491430
1275175619
1272885872
1316091609
1274146748
1274972058
1275390968
1338892938
1275576456
1295685393
1275533788
1283050362
1274766136
1275259541
1279233139
1286135006
1275263182
1275634363
1273860984
1282147995
1274064951
1275228627
1277694643
1280691129
1275002516
1274681454
1280135007
1298320627
1278506963
1274855684
1273446674
1280561658
1274124719
1275034372
1273962569
1291262519
1275125804
1274917044
1274682960
1283091541
1274701681
1279912082
1275648217
1283963219
1274458810
1278788884
1274457933
1281603762
1274058180
1274341576
1275674853
1400722176
1323749244
1272989898
1274031914
1284190410
1275145500
1273728884
1274190407
1285291512
1274147082
1273399504
1274431929
1279431966
1276895023
1275464718
1280550571
1279782620
1274438480
1277209950
1273877394
1282878456
1274354203
1273669387
1274615477
1282498900
1273979915
1280057415
1273959513
1296418929
1274081633
1276165679
1273757354
1296239433
1275667430
1274443754
1275223666
1278709940
1275641472
1278937757
1278890811
1280625120
1280499938
1279087147
1275276419
1278923102
1274385542
1274965192
1275243518
1281781000
1280529420
1274014188
1274376504
1281854450
1275022631
1276116057
1277917242
1281270965
1274170008
1279348008
1279777016
1287891780
1274539120
1275484850
1274045315
1280591008
1274016961
1274307527
1274697022
1281435172
1273756456
1279625104
1274591557
1285359439
1275132388
1280625702
1275951671
1280250984
1275920057
1274280675
1279403098
1285556227
1274015711
1274790057
1278792209
1280603418
1277356023
1277984010
1278976133
