2482170075
2455173374
2450487522
2446796872
2437372928
2424594524
2426010954
2409964866
2407999298
2408895099
2388814416
2382751704
2387648594
2369578716
2368295676
2369592022
2358254110
2344956462
2345271666
2331707981
2325802460
2325214688
2310994702
2303161830
2303921530
2291415118
2277645586
2282719952
2270485651
2262007948
2266701294
2242004170
2235695914
2240779027
2222586838
2213384165
2225888420
2201640628
2191957714
2199225000
2186230244
2172792034
2185982828
2164051556
2157403486
2165013784
2136734544
2136193762
2138915910
2123721986
2116131789
2119822484
2105334206
2098522668
2105969777
2089162576
2081052363
2081171500
2069895200
2064688764
2059578666
2048286744
2038274726
2043135772
2025306748
2017997166
2017032174
2004638988
1990261289
1995944438
1985502506
1977070320
1980144202
1962388036
1955554684
1958802550
1942327645
1934037089
1933248846
1921643864
1912050282
1916975052
1899493224
1891126816
1896491654
1878517170
1870998961
1870485102
1857466508
1850518742
1853484784
1836302604
1829446668
1828656800
1816493116
1808449147
1809501980
1794370118
1780122219
1791279642
1773136603
1759783144
1771219699
1753560182
1745593594
1744596506
1726108956
1724725428
1723548278
1711380376
1703106500
1707500929
1689372140
1681013840
1685947706
1668670617
1660108421
1665406176
1648472469
1639511334
1639502202
1627688606
1619768052
1618144704
1606233211
1597177210
1597622056
1586141935
1576178959
1576038110
1563574494
1555067012
1560113944
1542493262
1534093116
1534645876
1521732570
1514829032
1512936076
1500312250
1492148044
1494768604
1481199724
1472921244
1471195255
1460263566
1451368700
1454895190
1438420038
1429786016
1434394662
1417616386
1408038238
1410630728
1396678064
1387268124
1392579397
1375536342
1367211364
1366282196
1353807012
1345862134
1350457204
1332637031
1324222362
1328850460
1311371849
1303664552
1303306740
1290501356
1282183032
1282014166
1270631134
1262124806
1261434618
1248370793
1234696848
1243729320
1228558050
1219910058
1219297312
1207817214
1199652456
1203981738
1186831176
1178856498
1178254850
1165633045
1156959718
1155732354
1143340468
1135925830
1140144314
1122586428
1115507528
1114567500
1102708372
1098277547
1097051264
1085719518
1081231832
1080155070
1065952614
1060738661
1064431726
1043422936
1038478642
1042783396
1023994568
1017573602
1022620313
1002075824
996442627
1001305876
980815564
975529066
975372024
959308556
949957092
959023322
938877914
934976509
933502594
917286100
912832828
912238243
895879298
896775465
891127268
875189009
871250202
876084378
861960372
855026734
857183776
841013748
828747776
836258096
813809270
812169367
815740668
794677265
786608196
794486253
777975718
771641630
774395996
752633838
755232744
752418464
735988290
724215232
733313122
716012970
706389698
714175088
695149838
693963744
699382036
677190701
673151522
673428291
660514606
652067432
652116610
641154990
631032454
630719826
612078938
611449826
615624029
593147190
583447117
589592316
579092421
569202004
581540460
561774744
555801010
555341606
540197486
534334376
534120782
513710472
509069882
513477632
498200249
492202522
492102818
471655788
466925120
476465156
2549032438
2545740926
2555544630
2534123779
2523595592
2534476944
2513997362
2509808174
2505577850
2492071574
2488738057
2490043636
2465721134
2468044182
2471428868
349594000
2444981988
2429072128
2425022289
2433918432
2402716673
2399471965
2403760031
2388566050
2383650250
2382158158
2367770498
2363254276
2366612302
2345184321
2340523610
2339943838
2325210644
2321256108
2324759952
2303335933
2297449688
2298447902
2282232388
2277587820
2281888860
2261008017
2258203131
2256200680
2240244888
2237228914
2235676912
2214673604
2209080076
2214113202
2198223465
2189331900
2193181600
2171214823
2172435348
2177617116
2157911628
2147080544
2136579868
2135187849
2125597064
2117635235
2116628336
2106314163
2107427824
2100905716
2095645168
2096425343
2087367720
2079559100
2072450365
2069451839
2058998438
2046817971
2047598930
2038100554
2025549148
2026422478
2012679896
2009406936
2007220192
1991703805
1988229874
1985286204
1970673254
1962572884
1962442582
1955678348
1939574470
1941572720
1934905848
1919452780
1920275994
1907731865
1899513986
1899492064
1892553774
1884514796
1879455410
1865611531
1857409287
1857595830
1849041252
1836739386
1830554113
1828008510
1815585324
1815482762
1802513232
1799218792
1796428784
1782148556
1779591972
1768989908
1766179770
1757063933
1747956596
1737854372
1731641204
1732109498
1718711404
1710692284
1710656658
1702112860
1693886642
1685115126
1676625764
1668716597
1669506128
1654673180
1652484006
1647930146
1638982446
1630939144
1623482943
1618715814
1611041554
1606779109
1601249628
1589371408
1584838558
1585443942
1569885344
1568280074
1564448158
1555627542
1548264884
1542502946
1534132712
1526443706
1515157652
1513631792
1500688760
1496138970
1486425960
1485609720
1479532834
1470980644
1463387168
1458453740
1445645498
1442251878
1442862505
1430036376
1421266189
1412252882
1407983598
1400067656
1390953430
1382526344
1379293733
1370316898
1361489386
1353949320
1348472452
1345157937
1337155052
1333764178
1317919428
1316239133
1311569854
1298751058
1300216147
1291796514
1283567778
1274126474
1263475342
1256602126
1254530764
1248387120
1234417833
1227663640
1227331213
1219171528
1211829425
1206605414
1198100944
1190189666
1186119040
1177744256
1169366944
1164420918
1156042936
1149375925
1144329662
1136456264
1128647987
1122795632
1114223825
1107688032
1095293427
1093122224
1085046154
1076193606
1072189892
1064863790
1055064560
1051186004
1038855656
1039629596
1025592157
1023082009
1017676441
1008948627
996848744
998051594
988797880
981345078
971086144
973200792
959103167
955895356
946051758
939402791
934846038
925972324
916921398
911789159
905488638
896069222
891897148
876990648
882260253
871632098
862898315
854090521
849054194
841084364
834009261
828238394
820925498
813920322
809118007
800224636
790996062
787412898
778132044
771060036
765253476
758260968
750026946
744216482
730703050
731141498
726124240
721427746
710843102
706990744
703635609
695866136
687016154
682646546
673147640
666402557
660280962
652198117
644884736
639364300
631145164
624671406
618870078
610316230
602445050
598396888
589594802
582391280
578091023
569826081
560221708
555694214
547069310
535410556
536091093
526171156
519617654
514933697
506323888
497047266
493613208
484423630
476756268
465924644
457365720
2555759600
2558280124
2536609448
2534973852
2542922160
2521999844
2513310366
2516300115
2495360355
2487140498
2497809929
2480498376
2466830226
2474565579
2459938168
2450650482
2453795526
2438552756
2442798644
2442432688
2425427722
2410557807
2421659064
2409751194
2396215720
2400014728
2383747892
2377734542
2374239906
2362601458
2354719396
2355738046
2340322230
2326776856
2332926326
2319304273
2310971510
2311836668
2299083204
2285007915
2294650330
2277406616
2269850018
2268994332
2257541690
2242200954
2247988425
2235499413
2228650125
2227924461
2214775386
2207536152
2205844750
2193528102
2179931832
2190381070
2173673306
2164771498
2169355968
2151041358
2137042715
2135064639
2130662897
2123062388
2116032234
2110071358
2101378094
2095368500
2093277016
2088837000
2080749659
2075653812
2069864348
2066789788
2060695620
2051898317
2047967017
2039863818
2024399344
2021130958
2018855752
2010894394
2005717084
1996130256
1989148252
1985182954
1975547638
1968336124
1963333236
1949452296
1946430966
1942525080
1934727766
1926297876
1921379482
1912172550
1905937404
1893748410
1891054196
1883132894
1878644930
1871824688
1862086863
1859509540
1849388403
1842435390
1830611876
1833259154
1820183086
1816228408
1802346303
1798990620
1795845320
1786106196
1773522050
1768921538
1765179720
1757822362
1752817342
1744124300
1731715598
1726999393
1718372640
1710540092
1710372126
1697780183
1687986648
1684931312
1681198150
1673147396
1662631950
1661286528
1647664687
1647609342
1639291292
1626736272
1623396198
1624706806
1607916738
1609932446
1604735612
1598019957
1584704662
1586178580
1576210466
1568053438
1557792919
1550519068
1546903988
1543164985
1533728506
1525944450
1521394516
1508526078
1509895938
1500344806
1487593222
1479777128
1479626856
1466589386
1469705126
1463728774
1450941334
1441986886
1437586281
1429699038
1422802114
1416912586
1408048674
1400221668
1395629110
1382624428
1374700456
1375831621
1361555365
1353577098
1353465013
1344989940
1337410470
1327912782
1324073960
1317127450
1312988727
1298643864
1295883070
1290442404
1282039950
1269483988
1319623245
1330067394
1254153802
1248502142
1392478068
1233216470
1227453332
1218949953
1206774678
1206543136
1198144270
1190582027
1185557356
1172643538
1170625497
1165581013
1156328386
1148138331
1143572244
1136043826
1131181904
1123208990
1115268772
1106274211
1103379358
1098410698
1088913566
1084681218
1080690660
1073346466
1064220320
1060591852
1045394098
1048876964
1034249436
1025745980
1022600220
1017682734
1009029104
995661557
996485287
988771096
985996110
975986829
967009284
960683976
955691274
939768524
938847588
933541447
925133324
917115856
907233594
904229453
896072846
891882640
877229344
869370266
870667728
862109258
854346290
850370398
841454858
833150278
828350016
820975368
807851350
801865204
799173236
792851796
788102967
771914980
770189189
765407970
757037193
749208627
744714427
737887722
728065859
723826678
714968006
707049416
702598244
687882558
687044968
681367428
673754631
659594672
661352820
653289748
645469724
639589734
631026664
623385005
618766962
603962482
596310771
597703478
589004724
581295230
578009570
567900398
564638614
559322850
550078648
547314254
539056450
534595265
527802512
518142013
507647042
510809336
497624668
493194103
484080278
477290930
472743629
464501722
2549146799
2558306420
2541999654
2534001132
2538193082
2516692383
2513038388
2516665814
2493851879
2494352618
2502148958
2547015440
2472615298
2474508370
2459041886
2444082914
2453421322
2437249362
2429452722
2437725842
2416213320
2403519487
2411685133
2396189978
2381048286
2390579854
2369698712
2360163476
2369628760
2354029096
2340760332
2353662654
2332092912
2319599247
2328110374
2305761646
2297418564
2306634874
2285565495
2283410450
2285370888
2263382200
2256620828
2264182869
2243744474
2233778200
2248889680
2227050484
2213480518
2227822214
2201698506
2198783010
2201398810
2179839704
2177082097
2185851254
2158876134
2156374996
2161284142
2138381910
2129255004
2131398778
2117518348
2110774705
2105806853
2105757488
2097710263
2087701674
2087593400
2078894200
2069158614
2068842102
2058616594
2054859594
2051747984
2045561608
2033553553
2030922564
2026536884
2018263144
2004743176
2004158767
1996975286
1983103684
1983445886
1975092806
1967102372
1958137476
1949312728
1947828246
1937236869
1928691741
1926939618
1920029862
1913791740
1905504576
1895129630
1891128820
1883088750
1878515849
1870109510
1862674102
1859252968
1850886004
1842163968
1836818690
1829878539
1820336951
1817447867
1808186182
1799466322
1788527152
1787893069
1778105196
1772433898
1765369412
1757198058
1752293570
1738798543
1731739822
1731748640
1723296417
1716181760
1710406658
1702953762
1694227492
1685100030
1681766924
1673267454
1670413654
1659998460
1652168208
1651576118
1640367656
1632533704
1628377245
1617870712
1615670514
1605536288
1598460250
1588928649
1589222962
1581321176
1574040412
1564720914
1555201094
1547982079
1542516975
1539886495
1527576548
1522881090
1507022002
1505487684
1501466707
1492372572
1484277027
1473289014
1472695124
1464589488
1458488087
1446027604
1442189572
1437331208
1429015266
1421235102
1416308894
1408031940
1401790661
1395633140
1388161756
1381007080
1374753444
1366135355
1359386002
1354376528
1340802100
1337099877
1333711494
1325126166
1316010020
1311479984
1298764564
1289323432
1291424314
1282276192
1274366052
1269513115
1262094362
1266040584
1248421238
1240178183
1226488488
1235033536
1219502244
1212626402
1202713250
1199661867
1185823520
1185525794
1177032934
1169205284
1169734840
1157547424
1149144618
1144291727
1136518502
1127028102
1116758686
1114227600
1107906650
1097071854
1094655001
1085122669
1080429408
1077506960
1064800598
1060901791
1052079313
1044543820
1039006672
1034744458
1022351190
1017810032
1009280524
1000646450
996666918
989404488
980345573
970710808
967301978
959964760
954142498
941610656
938010734
934695338
926908553
918398260
913312906
904260494
897195379
891284910
884451811
875387090
870577848
862038040
856158686
850292212
842068764
833238766
828368716
821850656
813750532
808149153
799847204
792512942
786372196
778263300
764268654
766234384
758164804
750638130
739858678
731791544
729513655
724638690
715441398
708566680
703985385
694730084
687270006
681626441
674482653
665145726
661359854
652187786
644414834
639564045
631062118
629310254
618627696
612515740
602560352
597624842
590129917
581055705
573736196
574218670
569708862
555579486
550900600
542846665
533151100
536050046
521634614
513934494
507837706
500849450
492765688
492705702
485307778
471579748
473087370
463295900
2549009120
2558863328
2537611758
2529625256
2543099218
2516733685
2508788230
2517256950
2501815400
2485665516
2500506462
2474640548
2465951484
2474240856
2458191922
2450495146
2453266027
2431613876
2430358507
2432933772
2417080818
2403734216
2411487246
2395059734
2382501313
2391040244
2374055962
2366264628
2369628264
2348472419
2340592452
2348974918
2327572278
2318037654
2333018449
2311411568
2297244132
2307168942
2284448842
2277791488
2285643126
2264752341
2256821408
2264251440
2249587456
2233614932
2248805752
2228823640
2219377368
2222227204
2205975917
2192896500
2201923346
2186607868
2177055802
2185831958
2164924199
2153128612
2165821906
2143713910
2134185937
2134895578
2130174580
2127950615
2116565386
2106772078
2102468576
2101670784
2094406950
2085200363
2092847764
2077418246
2075315039
2065455825
2060762854
2060440124
2046632908
2046530546
2032917256
2023816918
2020868702
2017007786
2010260698
2004541684
1997202264
1988051824
1983646496
1969230288
1962658652
1962627118
1949623580
1941614584
1937069494
1928708874
1920628540
1920363664
1906186284
1899704290
1900329206
1891180592
1882920914
1878815398
1870062300
1857752753
1857490846
1850937016
1841181602
1837146096
1833626524
1815588172
1815550466
1802631502
1792916962
1794502016
1790667205
1774076358
1769629220
1764951826
1758794683
1752434884
1739665496
1731602890
1727180644
1715889576
1710727054
1710574167
1697696044
1695823944
1685341572
1680975978
1668487130
1664220082
1660660366
1652413164
1647699460
1634718186
1626642536
1628176990
1618459634
1619921152
1604503808
1601253607
1598919884
1589155490
1585154418
1575837540
1570114556
1563756805
1556138901
1547735925
1538061411
1535957538
1526074322
1522376484
1513169258
1506429153
1495911840
1492777169
1479757606
1474971872
1466718444
1463338972
1454097856
1445666675
1436804999
1433235510
1424557718
1421063100
1410362718
1408083810
1401477654
1391182150
1382604852
1379222460
1370189471
1361606206
1353716252
1349184100
1346607570
1337204199
1328115754
1318430448
1316866545
1307339484
1297369537
1296234114
1291944608
1277639886
1275693692
1265273800
1261315852
1248811680
1248375468
1240090860
1234625004
1222899186
1214570585
1206664310
1206322844
1201459836
1185679660
1185780028
1177182266
1169182322
1160211938
1157758122
1149642810
1143776853
1135697102
1127448856
1118019276
1109644102
1106194518
1102592498
1094744148
1085920243
1080573020
1067649184
1059709766
1059806631
1050986314
1038712076
1034199786
1030048611
1022596280
1017852858
1012052184
1001117950
997693145
988973786
980244291
971162241
966970322
959237176
954788066
940253226
932637476
933927562
920649186
918899532
908317646
904153890
895977464
887113028
883063514
876740891
870530184
857490412
849765372
844911340
836388324
833125272
829771393
820337057
812383724
803185004
793210554
791056456
787785210
778036130
765789948
765515616
752537961
749134402
745312602
735847318
729653192
725035688
721057230
710944493
706599582
701585350
693983088
681716332
682110396
673148977
660680496
660358376
653273552
645645436
641313532
631480888
624128528
619890352
611294314
604142298
592920596
584848898
582479570
577972150
573085018
561255326
557268338
547253718
539946590
529811374
532381506
527353811
518381772
513943554
499266190
497110154
493425032
485166241
478058354
471430990
463523768
2568502122
2551466638
2543501337
2544282600
2529087906
2521037272
2520809368
2510024122
2500352988
2500049342
2483214094
2474691358
2479875076
2472611266
2459829270
2462947982
2446227924
2431957274
2437153946
2426673016
2416092701
2421307313
2403652429
2389197098
2395322154
2383390462
2374463046
2374813430
2429879390
2354643018
2353065938
2340275674
2327774471
2333262446
2320550269
2311080999
2316140718
2299841936
2291225484
2290453551
2277681282
2270581112
2269280389
2256367332
2243625408
2247716894
2235502645
2227151262
2228108477
2214245148
2200488574
2206429035
2193632109
2186576170
2184759941
2177503545
2164204000
2169132931
2154110136
2142701270
2133592082
2134169969
2128784364
2123282040
2114597108
2109762648
2096380317
2095920140
2086836500
2082409152
2079917102
2073372540
2064382877
2066540480
2045759504
2046685732
2039099696
2030146354
2025457910
2017038870
2009948512
2006254692
1996109344
1989306602
1984132401
1976753618
1962159708
1957165508
1954337197
1947050568
1941521824
1934602256
1919443031
1916099226
1918006112
1912010802
1899794576
1899419806
1885662640
1883937222
1879826910
1870140256
1856377838
1858158342
1849112416
1842091390
1838099206
1829019306
1819894828
1816166994
1807009745
1799059928
1795059174
1791177734
1778777970
1773753588
1765059202
1758159013
1758781970
1744620292
1736021458
1732387688
1724311272
1716189224
1711421430
1702743080
1694309535
1691477836
1682280121
1674759588
1669962278
1655632723
1652102390
1647461294
1640261954
1632027986
1628773771
1624106312
1613880130
1610473195
1604700312
1597445128
1590694345
1584294140
1576078963
1569102506
1565303678
1555435942
1547313454
1542288283
1535116016
1527273714
1521306018
1508477182
1506780417
1502306366
1492084818
1485381850
1474898388
1466509896
1463112634
1453956062
1444294479
1443584484
1432889761
1430722496
1420974290
1411805482
1409228948
1406385744
1391302999
1388168092
1384754469
1374603139
1359867892
1358390905
1349242272
1340367070
1343553338
1334485853
1324094152
1316567730
1312285529
1298509292
1295203954
1286317046
1275995879
1274107140
1264932888
1256586671
1254602024
1243935876
1241477921
1232010836
1227219574
1214647074
1206743112
1206370210
1199180710
1190309504
1187014394
1177428668
1169536132
1159944589
1156333702
1153570477
1143322240
1135038118
1127288021
1117840738
1114966796
1100613883
1101544358
1093180668
1085333590
1075821686
1067739578
1058888930
1059498956
1051006676
1339631436
1039929248
1042023419
1016097396
1013035184
1017616718
996579840
991677154
996204152
975703918
975390638
975497600
959230974
950135371
954018032
939405883
929183700
938259238
912712462
906373262
912145056
897681052
886856804
891361262
870852836
870379078
870405722
849671726
844815736
849445194
833657461
822025884
827802478
807681342
801254958
806978298
791074103
782211270
786209180
771436717
766633230
765596728
744664438
738230804
749148281
728041950
719192930
723219036
707238076
702388882
707173400
681647712
675003544
681026602
664906836
660301984
660371260
645168478
640420272
639029970
618805864
619527964
623358642
602035062
597306940
597166474
581326031
579258456
581211180
559668224
560662752
567420684
542605574
539913948
542444244
527861108
513578964
558104948
506208552
492640739
680040871
485670166
476213170
479427716
464515000
2554753637
2556072633
2536019788
2528607848
2541221744
2515428656
2508550500
2518976798
2495594890
2487452158
2498030434
2479712964
2466795900
2479685454
2453553556
2443683624
2457195222
2431691081
2423588122
2430156246
2416107764
2409120848
2414447696
2396394136
2388756376
2393271500
2368202238
2360308552
2373095170
2348469040
2339331190
2351147298
2334001438
2319707796
2328627842
2304850266
2298649326
2311342120
2284008792
2281939614
2289660992
2269116990
2256262178
2269881974
2248964864
2234273608
2246021599
2221434802
2214673958
2219702886
2200183094
2192315470
2204857458
2186778870
2170823306
2186262218
2164081284
2151513958
2153238438
2156400620
2134056254
2129662140
2125142848
2117523468
2118172354
2112316705
2107181070
2100879375
2092011038
2093058580
2083121586
2083025514
2073718460
2064326940
2058760782
2050521228
2050399868
2045866476
2039110178
2025642052
2020800128
2019024365
2004621458
2004418262
1991761002
1983838103
1984906708
1975337296
1966965156
1957860726
1954107080
1941494931
1937176278
1932488220
1930336288
1916104232
1912895190
1909765420
1899374804
1891053799
1884754478
1879897322
1865749618
1857699138
1852666930
1844649546
1842786762
1836308234
1823598164
1820007454
1810814028
1802764286
1794666734
1800096523
1786160070
1773645500
1773206784
1759254564
1752392590
1753572948
1744811984
1731566114
1726733146
1736096774
1710624952
1705826149
1697827722
1689678594
1682974026
1676571486
1668551912
1668474698
1660847720
1647622522
1648627395
1634814616
1631087506
1621912772
1613739810
1605731148
1607286444
1592655660
1584728030
1584639534
1576936376
1568240584
1565624182
1555512038
1548927698
1543882903
1534244680
1527402836
1523483270
1518607904
1506138834
1501898290
1493567044
1485895476
1480963904
1466801734
1464573688
1458198028
1451576751
1444199904
1437346126
1429172660
1414901952
1416198928
1409855794
1396313508
1396785776
1388839716
1380957238
1374304611
1367205976
1358260824
1353722764
1345290400
1338251463
1332391467
1325536184
1310611726
1312178836
2273015926
