2545764788
2477703064
2503893659
2452266761
2443805732
2444445516
2432776880
2428734210
2425462214
2427284888
2407573204
2412258094
2401664564
2401326760
2400160128
2452409684
2380359871
283368116
2365794686
2362287158
2368814172
2409576413
2353774324
2358170968
2336746924
2338348292
2342946672
2325086000
2324783772
2321464815
2309680440
2303292352
2309846696
2295646044
2294003500
2295285483
2339578136
2279026460
2280918568
2277884116
2276957596
2271356960
2258477208
2249905431
2254436820
2241848074
2235722096
2243842965
2227064571
2222297051
2226352008
111680056
2209765548
2202898604
2194484048
2198589004
2184724868
2183492368
2185542348
2172447624
2167154127
2171761824
2160141496
2157802848
2158791383
2148582373
2139542628
2132852504
2129353792
2129089340
2119819732
2120786876
2110838488
2111337612
2108073784
2097375929
2157713782
2088075780
2082733768
2085484164
2092493090
2072823056
2066323776
2060838266
2057066020
2056673180
2048212294
2048097229
2043046506
2036538520
2022111976
2019989642
2018334432
2009230173
2004212546
2012287424
1993639081
1997012493
1992167553
1983775702
1978440446
1971389980
1970670709
2021429471
1955344072
1956760652
1946748076
1947307795
1934978224
1935569993
1925558719
1924340530
1919362548
1912739076
1907952845
1935180325
1905526216
1899388904
1891452299
1881645056
1880431770
1870187605
1863987548
1862574938
1859955371
1856497476
1850364544
1847051997
1835859711
1837553172
1826497160
1820165479
1813085196
1813538712
1807537872
1803147579
1798272612
1794927708
1791304536
1782083044
1782252700
1769093508
1773555005
1763385568
1759484916
1759414612
1747009810
1742606054
1735127028
1732647979
1730090553
1731417926
1717848484
1718847256
1708790835
1703121140
1700119309
1692561491
1694437128
1682881990
1677920398
1672388127
1666120399
1667004841
1655261024
1651100712
1646333980
1641895216
1636199192
1632078706
1630789256
1628445819
1624348612
1626145388
1609083840
1610765356
1605804790
1603676232
1590862018
1590896833
1587199943
1576332753
1573350461
1567830605
1566554356
1556722208
1551848981
1554223028
1545426436
1543189611
1533266127
1542306052
1530694620
1519103008
1515586457
1537329484
1504786320
1504307418
1573379169
1496365536
1485487380
1482754041
1481909732
1470294149
1469247087
1468674900
1455377540
1458990570
1447585146
1445987088
1440183808
1434961583
1427513049
1425600339
1421463828
1420491109
1409357653
1406594966
1398597564
1391527568
1385717308
1382085284
1377174893
1372608489
1374926476
1367220248
1358798945
1355172616
1362543740
1344540732
1341414788
1338204812
1339213890
1327833652
1320033135
1319877216
1315167707
1303608782
1300696878
1295988733
1296274063
1290013460
1278260364
1278957560
1269524346
1267615764
1267831344
1252977880
1250462600
1244479688
1244235960
1238417366
1237004060
1236076772
1226272484
1221903620
1217803480
1216370328
1203535096
1200278448
1208750155
1203260772
1193709412
1184982995
1179281180
1174721751
1166534208
1161716232
1159813417
1161087634
1144478244
1142953708
1142433817
1131994016
1130223696
1124174370
1117328758
1110461176
1106275272
1102508372
1103690096
1094975985
1088898696
1083430147
1081176322
1073354352
1070460927
1069922930
1057322268
1058428123
1052864012
1050880476
1041858676
1042716112
1032840928
1031220848
1029489147
1025730229
1020155248
1012563476
1015695300
1004056373
1002195672
993730976
984615004
985268464
979249744
981884648
967672392
964359155
958871219
949894993
945025438
939197077
943362820
930035099
925335772
938451380
914558232
916561786
914113140
912099748
900910784
893643887
886609088
883627648
879624394
881162848
869791680
866430084
861051409
858271087
852152540
854114835
845414840
837042896
833261528
826382188
829463192
817312360
813931948
810337772
805510272
802140200
795987470
790291923
785759249
784550016
775388356
775503180
768524808
765092597
759824900
757837959
753135544
746296597
754393824
739367965
733484595
728762560
721141119
721158456
713667847
730894584
702918525
704739286
700406580
693126230
686077904
685760108
673364716
670550996
671522920
671355783
658763260
660158353
651646655
648378460
637250359
631856638
630664948
640454696
619077946
618199918
608163676
611155104
603578600
591242350
595955002
584804596
585239380
588426526
572201656
564186462
562078353
554872409
551471860
549040372
545296948
535404515
535104204
532267112
526931660
527142675
517592964
510773157
511478093
511347459
498125782
491240492
492696088
485554153
481980751
473321320
466926115
461848116
465182592
453831884
2564474684
2551894108
2539321184
2550344636
2537508728
2525976436
2531065552
2517241680
2511740392
2512423428
2509879684
2506292656
2506816044
2497392668
2493769397
2494987071
2483471914
2490274040
2473955456
2468665836
2455761027
2457749450
2445401274
340528283
2446366132
2428222244
2428284588
2429999813
2416991745
2417480892
2427702235
2418790472
2401132550
2403668833
2381353632
2378675452
2386679996
2370905233
2363705845
2367549200
2359843444
2356798492
2368250709
2345556856
2341269609
2347175292
2328846925
2328803097
2339607459
2315020043
2313884904
2322351112
2297167184
2298062352
2292131902
2288084345
2274239570
2278655716
2262658237
2269380514
2267104604
2247336568
2244125653
2249810640
2238771652
2229267628
2239930497
2233422872
2214734775
2219444107
2205125297
2199948820
2204895940
2189797620
2187644272
2193771197
2178808452
2172343544
2177761372
2164415606
2159458780
2162810204
49643656
2151544704
2138322056
2136743220
2128374331
2125310772
2119223937
2121267164
2112887928
2107720688
2100906714
2100713484
2102996088
2088999367
2083745796
2080332404
2073987344
2075500772
2062586855
2065119456
2057710991
2060876940
2042783015
2040333379
2035530798
2033960480
2028963904
2018063113
2011165408
2011430610
2006774329
2003494139
2002728826
1992771088
1986638188
1978031802
1989837856
1972296515
1969394140
1962790046
1955616582
1947944917
1942658865
1937027107
1934307204
1928143288
1922163260
1918840455
1914427104
1910519140
1905676101
1900302496
1896969767
1891064525
1890087612
1882946492
1878216963
1881438310
1869422668
1867445279
1855926464
1853650008
1845940075
1841942487
1842725788
1833253604
1834828624
1822927568
1832391708
1809629936
1806670612
1802649752
1797881603
1797527280
1790105286
1780155807
1775223044
1770998096
1771772347
1771451765
1761077948
1752173332
1748543827
1742462876
1738184664
1735133340
1728336288
1726293668
1718480862
1718645352
1716789456
1719483444
1701007084
1695492678
1690442648
1684674614
1681745640
1676708292
1680020924
1668675188
1664734393
1656600934
1660241088
1646397268
1641779065
1635782480
1632263720
1626309816
1627985684
1625977345
1612124521
1608061132
1603380297
1596404847
1591384044
1588132786
1589890693
1577394139
1571992868
1566902308
1563833000
1560611094
1553787456
1548553016
1546980852
1551185248
1536048836
1531466008
1527617268
1521832756
1520977276
1512283444
1506827964
1504296668
1499483872
1496126432
1490832062
1484145468
1486724972
1476420844
1474205728
1468163409
1462852048
1463968903
1453707514
1449644119
1448277615
1439737357
1432888653
1426629110
1422978252
1419088577
1413884653
1415757053
1412908575
1401292808
1399508543
1394503964
1388109644
1383550475
1378599184
1369851296
1362590140
1362452264
1353195392
1348890567
1343920228
1339990314
1339616048
1334501500
1324510152
1320002800
1316628224
1318502064
1306459134
1302466389
1307070107
1295109533
1286718772
1357474435
1290000140
1273219500
1267801008
1265165794
1264723313
1260863697
1247725604
1243090602
1236934092
1238917154
1234576695
1235936247
1218500297
1214398384
1211884261
1199001322
1194533124
1192346196
1191175240
1183358768
1184190941
1170452328
1172411080
1166395307
1156680002
1154608410
1150874298
1140767696
1149403664
1132985540
1126453265
1123241903
1121174315
1115885956
1107958161
1106302906
1101227860
1091192825
1095834524
1080964116
1081833719
1078922876
1076368604
1071578020
1058724440
1054418664
1049989572
1043926228
1043933748
1036547016
1031629204
1026240250
1022186404
1018707749
1012620340
1007042695
1003275996
997294848
997383540
994809829
990581027
980129553
972412889
964774607
962022243
957633543
955720615
947129896
945905703
950742597
936030928
934981636
920132944
917565832
918535376
908942189
906006276
896595646
892648968
888173572
883312716
877273148
879852748
868933228
865284084
861023972
855158779
852109121
846869786
842538002
836563053
833958020
828133904
830588156
821947184
816127700
811070744
807223960
802916961
797051300
791896028
787555132
784772279
785937017
775285221
777759616
774938504
764274588
759964426
755388068
751286941
749193032
748962512
751338063
725534915
720611932
721300404
714020572
707535624
918777944
705808392
692238328
693249240
689500692
682695259
676305189
682799180
673444748
662905984
663255039
657739501
656018109
649683185
644806412
632510137
638846156
627698431
621192192
615944021
611017005
612616536
612541426
601513518
605288876
595421073
581789705
580259026
573001856
566134226
563563264
556554790
553986699
550688784
542046540
543472654
539608104
533119099
525445211
519483660
518432078
510128444
510721029
505159732
496717830
493325129
487024818
481155827
484214834
473405022
466931171
468262524
460134352
457367652
2554923738
2544408776
2547854584
2533007348
2527847776
2535496632
2521568116
2525498352
2518791124
2507169721
2507152487
2512812197
2497710297
2493442696
2489793710
2488709292
2470867343
2475400242
2460672816
2457814461
2456724160
2444835329
2441379460
2444203352
2432334120
2425683192
2433797608
2419187260
2416444128
2416362656
2405514755
2402225872
2415319570
2395730473
2398512186
2400516521
2374541064
2369321020
2382341679
2361660188
2357400424
2361726395
2350602924
2341171461
2357606667
2333267365
2334073881
2343520856
2328178166
2325963619
2324192291
2318209600
2297018748
2310000457
2300302458
2288242697
2292716034
2277719902
2269041041
2281730400
2261522724
2258581496
2265393792
2244946992
2241685538
2243797469
2233462441
2226353170
2231824596
2215701022
2213889310
2217958855
2201641097
2195192544
2207412673
2187623456
2186213096
2193913756
2175111743
2172976369
2173299624
2161707423
2155830892
2158852680
2146090888
2143674620
42612200
2129603347
2130202546
2128137392
2117171200
2111075265
2113504678
2101427572
2096134164
2098638356
2096576328
2084893512
2085488632
2081345130
2073587955
2070895869
2057284908
2061530128
2064459194
2044655936
2043255492
2042920322
2029475788
2029547689
2030427565
2012152669
2012098224
2016629792
2001797668
1993162124
2001781768
1982376095
1983072219
1986860642
1967647872
1967282118
1973495472
1952143851
1949318466
1953900844
1946737916
1938594357
1938518912
1923391094
1920667828
1927271504
1913149252
1903766630
1911532284
1900379856
1898094140
1897912983
1887059208
1876165252
1877676788
1864651172
1861487344
1863206496
1856218140
1848013464
1850607003
1839764389
1836298981
1835146872
1826498254
1823779304
1835623532
1818776272
1805793392
1813276108
1797241840
1790104456
1797617716
1781442164
1775673760
1787506188
1769363440
1764070036
1769547920
1787051516
1759349044
1762182939
1744476741
1739588396
1755801131
1727241425
1718511224
1726548386
1712020124
1711200323
1719171405
1695821595
1694920206
1697834781
1685795016
1705065807
1678742015
1662929436
1661155044
1668030864
1653131496
1655162059
1647352848
1635079670
1630622644
1639203930
1625369298
1620326155
1624781094
1608906482
1606399796
1608725316
1590207125
1584775760
1593332108
1576011213
1572655952
1577047171
1569044460
1556268639
1565834144
1548393768
1552806406
1544157784
1541152820
1533792044
1534618145
1522337256
1524789278
1519371457
1506259566
1505415032
1499222713
1491301183
1486584388
1491703616
1472171672
1474627729
1481807696
1457155483
1457620332
1463543124
1449713875
1441406113
1440578156
1428647774
1424174330
1427303782
1419684280
1412249948
1418124864
1398108768
1393760329
1397319700
1387767661
1384100379
1390718264
1379454120
1367927177
1375846633
1362785158
1361090256
1358069220
1348137403
1341094272
1347600793
1331698395
1327921032
1327820126
1315469212
1307395831
1314484668
1299130580
1294286228
1292642824
1282561392
1275902076
1277959516
1265273668
1262800440
1262853314
1256567138
1247596159
1252947068
1240083244
1243918026
1242568904
1223163172
1222019862
1222741440
1215582614
1211259188
1209816223
1195745318
1195501644
1191827684
1179841476
1177068179
1182828684
1170217419
1161543588
1171561313
1152658726
1148274290
1162310687
1136844631
1137482230
1141373319
1123616205
1119203052
1127647720
1112948396
1110011700
1115538473
1102897390
1105078919
1098251525
1080596247
1076813805
1080654646
1070352250
1057846538
1078218560
1057943890
1058292927
1053492748
1039436297
1036793625
1035022184
1028818496
1023483487
1020534092
1013056824
1011027888
1008106143
990170748
989287558
993629880
980997204
974679096
979930252
967064744
964086818
972136970
952616779
951804334
945321952
931213988
926019776
929906963
932721880
912060936
915807628
908081200
898553984
902687892
889856397
891348692
892161972
881296775
874277232
872834709
859970367
857307386
859576644
848605643
841323431
845841272
831731131
830087006
836776865
818321999
815503456
817816687
803324507
804964307
801076000
789429572
787435676
785111896
773500847
773889712
776312372
767849812
755718273
758508780
747810900
747273732
757089848
735242336
727426888
737863004
719928185
721408220
731069301
706376884
701619028
702817540
697071700
688728584
690313418
677826834
674466960
682119744
675100780
667180566
664573094
671905080
658476604
648162220
649301528
637719944
638618229
625364236
623341817
665284796
606248468
602532484
605921414
595573280
588911748
592786356
580881864
582965398
586844843
566418542
568961756
565374414
552441296
547244403
549770011
539033124
535128632
539533381
530237953
519889300
530994401
516624154
505771300
510906212
504273965
494501147
497980931
481643099
475551097
483162551
464531288
459478718
469598842
2552865510
2545318720
2557027669
2542398860
2537488716
2539394684
2527365368
2525614000
2526475948
2513410072
2508299846
2512974262
2495213162
2489210644
2491950003
2482619008
2472175940
2486568212
2464415356
2464921908
2471361360
2450822489
2448953940
2454966954
2437232386
2431963536
2436958180
2421587068
2419533258
2423269664
2406235755
2402603842
2408702976
2398037004
2391637043
2389085825
2396953048
2374864920
2377224172
2391916408
2364863660
2358109670
2351892088
2361275476
2342207447
2336639436
2339716388
226053020
2326387676
2313513548
2310518832
2313532908
2300871228
2295478872
2302773740
2289511756
186567728
2276449896
2273377336
2271838648
2279897844
2256552196
2253430244
2261933305
2245218568
2245638852
2249321697
2236041419
2230488680
2228547616
2217598246
2224600577
2223858623
2204971761
2202390779
2202102734
2187888064
2185587819
2188129304
2181960270
2177458840
2176405244
2166755635
2160531036
2152943580
2142218388
2146382099
2145611740
2135629420
2128374092
2128443788
2191314571
2117991604
2118457664
2110744876
2103203216
2106429475
2093560464
2085643968
2090206482
2080745576
2077344060
2077846099
2058411579
2055565848
2059194994
2051970434
2047818455
2056920761
2036606606
2029462066
2035917365
2017179308
2010619842
2015896249
1998537845
1992004840
1997669516
1991185516
1975243712
1985679163
1970402623
1968174152
1966076574
1950609126
1945211847
1955595481
1942353339
1941740189
1940017849
1927836803
1915464488
1917551405
1907376833
1904861872
1901592941
1890028970
1891571397
1887154409
1885962596
1868505120
1878794004
1865832366
1859836820
1864060616
1847342615
1844352573
1845077451
1841202733
1822488844
1832194972
1813276423
1806113164
1811058100
1797765548
1792326628
1798032928
1785701056
1780002440
1782684380
1770936227
1766846468
1769034112
1756434680
1751355216
1756459984
1744931160
1738542088
1767269244
1731347924
1727468612
1736036620
1715384172
1712067689
1714679490
1702103116
1696688510
1704704436
1692682100
1684743557
1692744040
1674855776
1674459388
1674165780
1662323225
1657193622
1656942564
1648434739
1651315374
1645611709
1627845205
1621602673
1627646136
1617611954
1605169251
1608200846
1594953098
1589922181
1595564382
1587836593
1578563525
1584048916
1564420696
1564456536
1568302854
1549034077
1544521309
1552981418
1539177862
1538776856
1544038672
1522017433
1515366864
1522795900
1504955488
1501622148
1508189300
1490189755
1487669071
1495798732
1479130364
1471221076
1481384876
1467611825
1463660313
1463106972
1447234568
1443779772
1448065156
1441034654
1430891847
1437442872
1425638112
1415593197
1420652486
1407113436
1400965460
1404491647
1394523046
1393064813
1392080560
1377963108
1376221472
1376205505
1365494598
1363529180
1370386012
1354305736
1342561764
1346471720
1334661334
1331517593
1332789504
1320518040
1315492956
1321018254
1307178828
1302920639
1309442716
1298169071
1289065328
1298214653
1285480169
1272061680
1278233476
1263569756
1260401548
1263612984
1253181054
1242594052
1249324304
1237971889
1237107012
1234766389
1221383680
1216717176
1222376016
1208836928
1203905364
1207647665
1194827236
1189833240
1192986468
1183296292
1179809808
1181897997
1168101776
1168073385
1164930585
1155198512
1160138920
1158655474
1140051668
1133890007
1138715824
1125660528
1123433748
1130260616
1110412260
1110941516
1117278125
1100119237
1100483788
1103660787
1082596600
1085793748
1080630124
1072988508
1063472980
1073812012
1051519312
1047818512
1062353380
1047949707
1032088420
1035153871
1029619360
1028295737
1024550092
1012879917
999829663
1009241508
1000605731
994531426
999649360
979906629
974534568
988412144
966343597
961730714
969537703
948022807
941878455
944022993
933468676
927813016
930284046
917586775
912383114
925877984
904372286
904934681
913727292
890697341
888637000
889728819
879173795
865860709
873982842
855743796
850343588
865510620
841664072
835432020
837928552
828953503
825409152
827326380
820248520
816116292
815218216
800291661
795738468
805468976
790106176
783846388
784143756
771099368
772251280
775754160
757435855
753820123
760866859
747771486
741755428
750047004
733074500
726923440
727298411
719607087
715947780
723096303
699124683
693661389
701008104
685563532
686333012
683657692
670426240
665218508
670358536
656694720
651220988
653440960
642730748
637693236
640433356
626946244
623360656
627102920
614432920
610722572
613607028
600752240
596284744
600530152
587308168
581535224
584825992
576245512
578057387
581038532
562403315
554312216
561338804
545610872
543195396
546297244
531361103
524950732
533471628
517542668
514838440
516170480
503623396
499378704
511182776
490536164
484882808
488508544
475563048
474250004
489699120
471359078
458033052
460251136
2553122444
2543379448
2549114344
2533206592
2530170932
2533175884
2532217028
2517375268
2520231204
405165516
400067220
2494933076
2489482724
2494835675
2485446195
2485923436
2490707120
2469025401
2461759038
2484969447
2461026712
2456089738
2455585256
2445985578
2438307595
2441695492
2425997196
2418083824
325417092
2411283708
2399796210
2412321128
2388906653
2385114080
2388393240
2382915884
2370386512
2371883769
2361084868
2361433963
2362095328
2347696154
2350378144
2356412690
2333502680
2333220776
2336522416
2316859073
2317344804
2324307883
2303054492
2306793174
2310803908
190006425
2277653932
2280611921
166498576
2262724408
2262825008
145832368
2243805124
2235426560
2227398893
2235555100
2218624856
2213189416
2220311936
2210243680
2211011040
2208683288
2196525397
2187062400
2190149032
2177648104
2174357500
2176665076
2163248232
2159925296
2164375200
2150814068
2146160476
2148809608
37808244
2128201241
2133757704
2120346224
2119137168
2118884168
2108322420
2101028142
2105051666
2092644789
2086546588
2092198332
2077494705
2076556253
2081944431
2069230386
2060682408
2074444433
2048080419
2043326383
2054308464
2036014694
2027919414
2038165360
2016680323
2025559725
2018652991
2000523432
1996840069
2008169648
1989459148
1987969124
1987209092
1973351565
1967158052
1976236433
1962183615
1965015206
1968841546
1940170522
1934687825
1949948401
1933930900
1922902550
1925788608
1912657760
1909345271
1918841572
1902984324
1898689504
1908093923
1888479005
1882399295
1884547623
1873227340
1873364922
1872746102
1855286068
1851012709
1859937461
1845861927
1841121543
1851579366
1827353212
1821047020
1826143998
1816571197
1811137906
1816943408
1802391570
1792520506
1807306641
1781189320
1773951084
1786291964
1769545108
1765520348
1767076903
1752447376
1751766620
1752369878
1736529355
1732078766
1740035207
1722494208
1722597216
1724487552
1708995232
1701374660
1705401165
1692526413
1693166598
1695400953
1682213884
1676532837
1679238064
1676608297
1663414756
1665487860
1660137232
1651270296
1651730744
1641368337
1640667344
1646799057
1627036364
1622097434
1629135383
1609827326
1599885068
1611436460
1590187718
1585338300
1587632440
1574630932
1572006044
1574593516
1562054388
1563363936
1563535830
1554103266
1545568878
1566240099
1543290938
1528218603
1530696108
1525291268
1512058632
1520917191
1503934980
1503203952
1515974092
1495332573
1486268256
1488555031
1481796176
1468884060
1486230996
1459303738
1453626748
1457145580
1449929938
1450258152
1448472376
1436632456
1430894108
1431743152
1416672032
1418422142
1417361388
1406754678
1398723126
1405661927
1386975157
1387106203
1396495366
1373987449
1372453959
1381274167
1370833860
1355190364
1368979748
1359221164
1354573922
1353768411
1338421731
1329515035
1329719164
1323814492
1312286817
1320562120
1303567348
1299354612
1307929382
1290483712
1284430260
1289462596
1274321268
1273176065
1275300149
1261845837
1256512915
1264669380
1251696258
1248018595
1246382020
471620243
465738142
459725621
2554934756
2558697183
2552941192
2540267861
2550784972
