[[[ 0.00576471  0.00283403 -0.00467458 ...  0.0165019  -0.00945361
   -0.01335342]
  [ 0.00096803 -0.00445021  0.00017308 ...  0.01720882 -0.01502294
   -0.01641863]
  [-0.00184841 -0.00810167  0.00404226 ...  0.01884248 -0.01917657
   -0.01950168]
  ...
  [-0.00614004 -0.00738029  0.01539105 ...  0.01007911 -0.01480097
   -0.01190344]
  [-0.00362549 -0.00498355  0.01302423 ...  0.01261775 -0.01490089
   -0.01304154]
  [-0.00242421 -0.00444962  0.01172431 ...  0.01459414 -0.01590512
   -0.01442322]]] 
[[ 0.0123613  -0.02510186  0.01620665 -0.01627828 -0.01200512  0.01833253
  -0.00769187  0.00832877  0.02807832 -0.01513932 -0.02076176  0.03936062
  -0.00850813 -0.0207569  -0.023515   -0.01263313 -0.00205751  0.02083685
  -0.00831817  0.02453761  0.02680298 -0.00787845  0.01499708  0.0146822
  -0.02595072  0.02127627 -0.0230005   0.02750053  0.04127441 -0.02299015
   0.01506047  0.03274135 -0.00609729 -0.02704215  0.03249218 -0.01232561
   0.0222144   0.03326282  0.01110416 -0.01399643  0.01304263  0.02382852
  -0.01770194 -0.02102726  0.0165932  -0.02049364 -0.01194231  0.02289472
   0.01077847  0.01214979  0.02225889 -0.02390083 -0.01250512 -0.01447888
  -0.0222461   0.03692313 -0.0167518  -0.03504299 -0.0167876   0.02257412
   0.00641595 -0.01669673  0.01758914  0.01586215 -0.01074251 -0.01720046
  -0.03630212 -0.01673834 -0.04367686  0.01528128  0.02616642 -0.02090956
   0.01807386  0.02740073  0.03427283  0.0086339   0.00548065  0.02756345
   0.01387304 -0.01913384  0.0254429   0.00567608 -0.01961252  0.02068948
   0.02155931  0.02163556  0.00925555  0.03968989 -0.01423904 -0.00929946
   0.01494416  0.00258959 -0.00801176 -0.02562721  0.02401906  0.03665622
  -0.01058149  0.02151851 -0.01727764  0.02291609  0.01169406 -0.02004072
  -0.01825925  0.02369159  0.03192075  0.01902603  0.01919122 -0.01394952
   0.016712   -0.03227745  0.04471552  0.02555865  0.01629361  0.01231974
  -0.02016153 -0.02171434 -0.0279865   0.00417488 -0.00627534 -0.00374245
  -0.00099075  0.02314259 -0.02861904  0.00213077  0.00404331 -0.00274323
  -0.02954116 -0.00917549]] 
[[ 0.         -0.03137733  0.02025832 -0.         -0.0150064   0.02291566
  -0.00961484  0.          0.0350979  -0.01892415 -0.0259522   0.04920078
  -0.01063516 -0.02594612 -0.         -0.         -0.00257189  0.
  -0.          0.03067201  0.03350373 -0.00984807  0.          0.01835275
  -0.0324384   0.02659534 -0.02875062  0.03437566  0.05159302 -0.02873769
   0.01882559  0.04092668 -0.00762162 -0.03380268  0.04061522 -0.01540702
   0.          0.          0.0138802  -0.01749554  0.01630329  0.02978565
  -0.02212742 -0.          0.02074151 -0.02561705 -0.01492789  0.
   0.          0.          0.02782362 -0.02987603 -0.0156314  -0.
  -0.02780762  0.04615391 -0.02093975 -0.04380374 -0.0209845   0.02821765
   0.00801993 -0.          0.          0.01982768 -0.01342814 -0.
  -0.04537765 -0.02092292 -0.05459607  0.0191016   0.03270803 -0.02613695
   0.02259233  0.          0.04284104  0.          0.          0.03445432
   0.0173413  -0.          0.          0.0070951  -0.02451565  0.02586186
   0.02694914  0.02704445  0.01156944  0.         -0.0177988  -0.01162432
   0.0186802   0.00323698 -0.0100147  -0.03203401  0.03002382  0.04582027
  -0.01322686  0.02689814 -0.02159705  0.02864511  0.01461757 -0.0250509
  -0.02282407  0.          0.03990094  0.02378253  0.         -0.01743689
   0.         -0.04034681  0.0558944   0.03194832  0.02036701  0.
  -0.         -0.02714292 -0.03498313  0.0052186  -0.00784418 -0.00467806
  -0.          0.02892824 -0.          0.00266346  0.00505414 -0.00342904
  -0.03692645 -0.01146936]] 
[[0.20903179 0.11424118 0.1378443  0.20607176 0.         0.10968367
  0.         0.07715282 0.         0.12575617 0.06652997 0.
  0.10948633 0.28558278 0.         0.17965123 0.2298581  0.06084321
  0.         0.         0.2303592  0.         0.         0.
  0.08963247 0.         0.11577958 0.07786839 0.         0.10087509
  0.         0.         0.         0.         0.18739903 0.
  0.13060899 0.16628197 0.         0.05666966 0.14258818 0.
  0.         0.         0.11190093 0.         0.         0.12228885
  0.         0.         0.         0.         0.09591568 0.
  0.         0.06727967 0.         0.         0.         0.1525333
  0.11969061 0.08953479 0.10980672 0.        ]] 
[[0.26823613 0.14718628 0.1613488  0.2568085  0.         0.14821327
  0.         0.         0.         0.17911789 0.1247763  0.
  0.15354739 0.41099167 0.         0.19988267 0.3022662  0.
  0.         0.         0.3143677  0.         0.         0.
  0.         0.         0.15252608 0.12759033 0.         0.14511326
  0.         0.         0.         0.         0.20095864 0.
  0.16164652 0.26789007 0.         0.08853161 0.         0.
  0.         0.         0.         0.         0.         0.17004955
  0.         0.         0.         0.         0.         0.
  0.         0.07583742 0.         0.         0.         0.21358871
  0.20135966 0.1302993  0.15500407 0.        ]] 
[[0.80548733]] 
